,corr_n_steps,noise_level,Trial,Reward,steps_taken
0,1.0,0.01,0.0,1755.3534911298339,1000.0
1,1.0,0.01,1.0,-19.30828268839832,89.0
2,1.0,0.01,2.0,1525.7304412265948,1000.0
3,1.0,0.01,3.0,1743.8288937394464,1000.0
4,1.0,0.01,4.0,-12.09050565596408,62.0
5,1.0,0.01,5.0,1646.5244373059613,1000.0
6,1.0,0.01,6.0,1650.5764521587553,1000.0
7,1.0,0.01,7.0,1722.5333701795462,1000.0
8,1.0,0.01,8.0,1593.6427120596782,1000.0
9,1.0,0.01,9.0,1654.4792643140245,1000.0
10,1.0,0.07,0.0,1733.3272294257404,1000.0
11,1.0,0.07,1.0,-18.58281338460074,92.0
12,1.0,0.07,2.0,1690.2195699693402,1000.0
13,1.0,0.07,3.0,1565.9370581521289,1000.0
14,1.0,0.07,4.0,-11.779394853161648,62.0
15,1.0,0.07,5.0,1131.290448503998,709.0
16,1.0,0.07,6.0,1720.8762409850024,1000.0
17,1.0,0.07,7.0,1402.129734883143,1000.0
18,1.0,0.07,8.0,234.65725046611624,221.0
19,1.0,0.07,9.0,233.57126939861337,1000.0
20,1.0,0.13,0.0,1369.8920716072462,1000.0
21,1.0,0.13,1.0,-19.15362243616255,94.0
22,1.0,0.13,2.0,1517.5499441607171,1000.0
23,1.0,0.13,3.0,1600.1502648722453,990.0
24,1.0,0.13,4.0,-12.905907715881767,63.0
25,1.0,0.13,5.0,1652.6067899340633,1000.0
26,1.0,0.13,6.0,138.74752360999992,1000.0
27,1.0,0.13,7.0,1694.9883448751134,1000.0
28,1.0,0.13,8.0,153.9710455769673,176.0
29,1.0,0.13,9.0,1318.6643619304305,835.0
30,1.0,0.19000000000000003,0.0,1279.4369188623095,1000.0
31,1.0,0.19000000000000003,1.0,-18.338541968158097,95.0
32,1.0,0.19000000000000003,2.0,484.81174946994724,348.0
33,1.0,0.19000000000000003,3.0,1398.8810961672789,915.0
34,1.0,0.19000000000000003,4.0,-11.886800518237578,63.0
35,1.0,0.19000000000000003,5.0,1293.8584841000338,816.0
36,1.0,0.19000000000000003,6.0,1540.3853393531826,1000.0
37,1.0,0.19000000000000003,7.0,553.8381442834434,421.0
38,1.0,0.19000000000000003,8.0,1504.1509721893453,1000.0
39,1.0,0.19000000000000003,9.0,223.84047745959106,1000.0
40,1.0,0.25,0.0,715.7452818824022,500.0
41,1.0,0.25,1.0,-17.66023514362314,96.0
42,1.0,0.25,2.0,806.6155769957695,1000.0
43,1.0,0.25,3.0,1557.1590067031575,1000.0
44,1.0,0.25,4.0,-12.15152474349452,63.0
45,1.0,0.25,5.0,1510.6565166938453,1000.0
46,1.0,0.25,6.0,407.12006985049084,358.0
47,1.0,0.25,7.0,93.15864678563958,86.0
48,1.0,0.25,8.0,115.07790722679056,156.0
49,1.0,0.25,9.0,1382.1223475274019,1000.0
50,1.0,0.31000000000000005,0.0,362.1846989028345,244.0
51,1.0,0.31000000000000005,1.0,-18.687279130594106,96.0
52,1.0,0.31000000000000005,2.0,311.22497441253654,269.0
53,1.0,0.31000000000000005,3.0,902.3169110191157,670.0
54,1.0,0.31000000000000005,4.0,-13.662981230758305,63.0
55,1.0,0.31000000000000005,5.0,449.98322900048515,330.0
56,1.0,0.31000000000000005,6.0,423.29298945877963,301.0
57,1.0,0.31000000000000005,7.0,71.13770593895606,81.0
58,1.0,0.31000000000000005,8.0,679.3593576566273,502.0
59,1.0,0.31000000000000005,9.0,362.323433192425,297.0
60,1.0,0.37000000000000005,0.0,458.0555005277274,321.0
61,1.0,0.37000000000000005,1.0,-17.669752998597687,96.0
62,1.0,0.37000000000000005,2.0,639.2033677366271,479.0
63,1.0,0.37000000000000005,3.0,364.30127923735563,269.0
64,1.0,0.37000000000000005,4.0,-12.690283480500511,61.0
65,1.0,0.37000000000000005,5.0,324.7359032711829,274.0
66,1.0,0.37000000000000005,6.0,388.397544069594,825.0
67,1.0,0.37000000000000005,7.0,62.99136429227656,77.0
68,1.0,0.37000000000000005,8.0,96.36593715051276,141.0
69,1.0,0.37000000000000005,9.0,166.25049792071513,139.0
70,1.0,0.43000000000000005,0.0,413.15890275013953,288.0
71,1.0,0.43000000000000005,1.0,-18.270353506122774,95.0
72,1.0,0.43000000000000005,2.0,161.50473724101175,180.0
73,1.0,0.43000000000000005,3.0,374.3152977932259,279.0
74,1.0,0.43000000000000005,4.0,-10.616943115615868,59.0
75,1.0,0.43000000000000005,5.0,96.36408033986663,134.0
76,1.0,0.43000000000000005,6.0,399.4316304049062,298.0
77,1.0,0.43000000000000005,7.0,60.793736133899074,74.0
78,1.0,0.43000000000000005,8.0,98.3885447636203,143.0
79,1.0,0.43000000000000005,9.0,501.0499572373519,356.0
80,1.0,0.49000000000000005,0.0,69.65728311139537,72.0
81,1.0,0.49000000000000005,1.0,-14.129196424801194,90.0
82,1.0,0.49000000000000005,2.0,357.3598651527209,310.0
83,1.0,0.49000000000000005,3.0,90.01578736700321,92.0
84,1.0,0.49000000000000005,4.0,-9.699694810253277,57.0
85,1.0,0.49000000000000005,5.0,98.47222572509054,138.0
86,1.0,0.49000000000000005,6.0,134.8746696471353,136.0
87,1.0,0.49000000000000005,7.0,55.83989205924445,70.0
88,1.0,0.49000000000000005,8.0,178.99384854333766,216.0
89,1.0,0.49000000000000005,9.0,171.50454473289574,150.0
90,1.0,0.55,0.0,141.1384942168006,127.0
91,1.0,0.55,1.0,-13.463539865377243,90.0
92,1.0,0.55,2.0,167.01646362686733,208.0
93,1.0,0.55,3.0,65.42592344364675,68.0
94,1.0,0.55,4.0,-10.248504175280686,57.0
95,1.0,0.55,5.0,87.98779028753052,134.0
96,1.0,0.55,6.0,87.9039937020134,100.0
97,1.0,0.55,7.0,59.89323828574561,70.0
98,1.0,0.55,8.0,77.73273160955432,124.0
99,1.0,0.55,9.0,91.35086328759644,85.0
100,2.0,0.01,0.0,1773.8095659012542,1000.0
101,2.0,0.01,1.0,-19.342980220128084,89.0
102,2.0,0.01,2.0,1637.3120865948076,1000.0
103,2.0,0.01,3.0,716.1731496034263,1000.0
104,2.0,0.01,4.0,-12.097971333074383,62.0
105,2.0,0.01,5.0,1288.1127043116358,1000.0
106,2.0,0.01,6.0,1647.5762304368254,1000.0
107,2.0,0.01,7.0,1538.330084627938,901.0
108,2.0,0.01,8.0,1531.3602193702463,1000.0
109,2.0,0.01,9.0,1733.4798745670341,1000.0
110,2.0,0.07,0.0,1652.1535230351947,1000.0
111,2.0,0.07,1.0,-19.6837842771929,93.0
112,2.0,0.07,2.0,1680.432524368538,1000.0
113,2.0,0.07,3.0,348.146804628479,1000.0
114,2.0,0.07,4.0,-11.589408562613244,62.0
115,2.0,0.07,5.0,734.2205574080217,482.0
116,2.0,0.07,6.0,1433.1416353734385,1000.0
117,2.0,0.07,7.0,316.87536738497147,530.0
118,2.0,0.07,8.0,1612.7069460705097,1000.0
119,2.0,0.07,9.0,1602.2053206745404,1000.0
120,2.0,0.13,0.0,1001.9680183671517,819.0
121,2.0,0.13,1.0,-19.33232461490843,95.0
122,2.0,0.13,2.0,513.1269507801408,1000.0
123,2.0,0.13,3.0,609.522022662175,1000.0
124,2.0,0.13,4.0,-12.224848112316977,63.0
125,2.0,0.13,5.0,1457.7066791947364,1000.0
126,2.0,0.13,6.0,1567.403384851481,1000.0
127,2.0,0.13,7.0,772.3520880321812,529.0
128,2.0,0.13,8.0,605.2687332063288,563.0
129,2.0,0.13,9.0,512.1605723117755,383.0
130,2.0,0.19000000000000003,0.0,398.75055416781834,270.0
131,2.0,0.19000000000000003,1.0,-19.70675578797818,99.0
132,2.0,0.19000000000000003,2.0,259.08378408956196,241.0
133,2.0,0.19000000000000003,3.0,177.347665788031,139.0
134,2.0,0.19000000000000003,4.0,-11.336316566237656,62.0
135,2.0,0.19000000000000003,5.0,88.488944126977,118.0
136,2.0,0.19000000000000003,6.0,1327.3130800532963,853.0
137,2.0,0.19000000000000003,7.0,247.71782190293743,172.0
138,2.0,0.19000000000000003,8.0,1484.7724300705522,1000.0
139,2.0,0.19000000000000003,9.0,558.8372342043149,952.0
140,2.0,0.25,0.0,1531.5610335467063,1000.0
141,2.0,0.25,1.0,-18.642562999280926,102.0
142,2.0,0.25,2.0,467.76353291835403,327.0
143,2.0,0.25,3.0,848.3460439647242,521.0
144,2.0,0.25,4.0,-11.035918440735259,62.0
145,2.0,0.25,5.0,123.50468736013136,1000.0
146,2.0,0.25,6.0,282.6126292917397,222.0
147,2.0,0.25,7.0,70.17707318308385,71.0
148,2.0,0.25,8.0,161.16835505602648,223.0
149,2.0,0.25,9.0,609.6310115587476,403.0
150,2.0,0.31000000000000005,0.0,505.60268983586866,359.0
151,2.0,0.31000000000000005,1.0,-18.58350275450357,106.0
152,2.0,0.31000000000000005,2.0,108.9931758052262,141.0
153,2.0,0.31000000000000005,3.0,401.1156385339855,336.0
154,2.0,0.31000000000000005,4.0,-10.455922210712743,60.0
155,2.0,0.31000000000000005,5.0,122.1554883349745,1000.0
156,2.0,0.31000000000000005,6.0,154.07115266427718,130.0
157,2.0,0.31000000000000005,7.0,68.87914692391496,68.0
158,2.0,0.31000000000000005,8.0,155.08178884565132,210.0
159,2.0,0.31000000000000005,9.0,113.01590356989618,102.0
160,2.0,0.37000000000000005,0.0,191.98758667030052,303.0
161,2.0,0.37000000000000005,1.0,-20.295201206296042,116.0
162,2.0,0.37000000000000005,2.0,390.2561499309304,307.0
163,2.0,0.37000000000000005,3.0,183.4851980316089,190.0
164,2.0,0.37000000000000005,4.0,-10.53878452788922,59.0
165,2.0,0.37000000000000005,5.0,89.21735474444722,121.0
166,2.0,0.37000000000000005,6.0,311.14182326336595,232.0
167,2.0,0.37000000000000005,7.0,43.50452543228312,52.0
168,2.0,0.37000000000000005,8.0,162.98906191027345,220.0
169,2.0,0.37000000000000005,9.0,101.33518293455563,99.0
170,2.0,0.43000000000000005,0.0,102.42040413115319,97.0
171,2.0,0.43000000000000005,1.0,65.95482957248896,144.0
172,2.0,0.43000000000000005,2.0,104.01288515210035,138.0
173,2.0,0.43000000000000005,3.0,262.630282328093,194.0
174,2.0,0.43000000000000005,4.0,-12.054579981144343,60.0
175,2.0,0.43000000000000005,5.0,171.28570694916561,205.0
176,2.0,0.43000000000000005,6.0,292.5210851259035,268.0
177,2.0,0.43000000000000005,7.0,40.26699414745235,54.0
178,2.0,0.43000000000000005,8.0,-20.320728548569605,218.0
179,2.0,0.43000000000000005,9.0,61.84554119050881,73.0
180,2.0,0.49000000000000005,0.0,56.87912869122374,68.0
181,2.0,0.49000000000000005,1.0,57.252298511142726,132.0
182,2.0,0.49000000000000005,2.0,99.13810876003117,137.0
183,2.0,0.49000000000000005,3.0,258.56014257764764,192.0
184,2.0,0.49000000000000005,4.0,-11.275060972693609,59.0
185,2.0,0.49000000000000005,5.0,83.18050285067875,122.0
186,2.0,0.49000000000000005,6.0,73.1505293471273,84.0
187,2.0,0.49000000000000005,7.0,50.498635760784964,58.0
188,2.0,0.49000000000000005,8.0,-19.31289199450839,130.0
189,2.0,0.49000000000000005,9.0,159.24993960082065,143.0
190,2.0,0.55,0.0,53.67830442907871,68.0
191,2.0,0.55,1.0,44.29854274891113,115.0
192,2.0,0.55,2.0,96.35780250821699,139.0
193,2.0,0.55,3.0,125.87541621874698,113.0
194,2.0,0.55,4.0,-10.597027993368101,58.0
195,2.0,0.55,5.0,85.40754445951461,109.0
196,2.0,0.55,6.0,246.22969521291816,206.0
197,2.0,0.55,7.0,141.2820352799681,153.0
198,2.0,0.55,8.0,-22.80503409762605,132.0
199,2.0,0.55,9.0,60.25219145214214,73.0
200,3.0,0.01,0.0,1723.7597803277386,1000.0
201,3.0,0.01,1.0,-19.33544889157929,89.0
202,3.0,0.01,2.0,1702.63839521708,1000.0
203,3.0,0.01,3.0,1599.0037056754227,1000.0
204,3.0,0.01,4.0,-12.578776504844427,62.0
205,3.0,0.01,5.0,1659.157633314855,1000.0
206,3.0,0.01,6.0,1649.5411698757089,1000.0
207,3.0,0.01,7.0,1550.0327200253305,914.0
208,3.0,0.01,8.0,1433.0344363919357,1000.0
209,3.0,0.01,9.0,1715.0070047701156,1000.0
210,3.0,0.07,0.0,1544.7060575680225,1000.0
211,3.0,0.07,1.0,-19.402540488656086,92.0
212,3.0,0.07,2.0,1138.606829420809,1000.0
213,3.0,0.07,3.0,1731.3678298239538,1000.0
214,3.0,0.07,4.0,-12.820507124051801,63.0
215,3.0,0.07,5.0,1614.4828455853058,1000.0
216,3.0,0.07,6.0,1674.2883488810912,1000.0
217,3.0,0.07,7.0,1045.8246405022219,1000.0
218,3.0,0.07,8.0,1168.5669376819424,845.0
219,3.0,0.07,9.0,583.6517283902795,1000.0
220,3.0,0.13,0.0,236.80177167620423,187.0
221,3.0,0.13,1.0,-19.802008218728588,96.0
222,3.0,0.13,2.0,294.1548990761876,252.0
223,3.0,0.13,3.0,1656.473936537528,1000.0
224,3.0,0.13,4.0,-10.789923655560415,62.0
225,3.0,0.13,5.0,791.0122875217276,591.0
226,3.0,0.13,6.0,1574.2075085477845,968.0
227,3.0,0.13,7.0,1712.0745710701594,1000.0
228,3.0,0.13,8.0,91.6279235568727,150.0
229,3.0,0.13,9.0,178.9311530662817,153.0
230,3.0,0.19000000000000003,0.0,351.0409193010855,1000.0
231,3.0,0.19000000000000003,1.0,-19.743203166166495,99.0
232,3.0,0.19000000000000003,2.0,517.8489614186255,381.0
233,3.0,0.19000000000000003,3.0,493.82937168190983,317.0
234,3.0,0.19000000000000003,4.0,-11.113552020142379,61.0
235,3.0,0.19000000000000003,5.0,664.1940366654962,492.0
236,3.0,0.19000000000000003,6.0,180.33472697078832,148.0
237,3.0,0.19000000000000003,7.0,276.1092295912749,262.0
238,3.0,0.19000000000000003,8.0,73.93922635351191,139.0
239,3.0,0.19000000000000003,9.0,171.17290444271202,142.0
240,3.0,0.25,0.0,181.64945980420453,148.0
241,3.0,0.25,1.0,-18.114228846628976,103.0
242,3.0,0.25,2.0,291.74342816893477,233.0
243,3.0,0.25,3.0,273.9311131178547,199.0
244,3.0,0.25,4.0,-10.944071438039828,60.0
245,3.0,0.25,5.0,387.64412529556284,312.0
246,3.0,0.25,6.0,1141.5195662878687,770.0
247,3.0,0.25,7.0,335.57861384876014,242.0
248,3.0,0.25,8.0,158.25418653336237,181.0
249,3.0,0.25,9.0,76.57710814898019,78.0
250,3.0,0.31000000000000005,0.0,288.24433219037746,243.0
251,3.0,0.31000000000000005,1.0,-18.33236779557774,103.0
252,3.0,0.31000000000000005,2.0,91.86838787249872,115.0
253,3.0,0.31000000000000005,3.0,351.98441660089884,279.0
254,3.0,0.31000000000000005,4.0,-11.870895132655278,59.0
255,3.0,0.31000000000000005,5.0,308.0338292880115,256.0
256,3.0,0.31000000000000005,6.0,159.60616267642035,137.0
257,3.0,0.31000000000000005,7.0,212.91830106911948,196.0
258,3.0,0.31000000000000005,8.0,82.25992390460306,142.0
259,3.0,0.31000000000000005,9.0,86.59619386395934,90.0
260,3.0,0.37000000000000005,0.0,73.48265432102198,77.0
261,3.0,0.37000000000000005,1.0,-18.75565238447598,106.0
262,3.0,0.37000000000000005,2.0,92.31707232785993,118.0
263,3.0,0.37000000000000005,3.0,293.1132919023876,225.0
264,3.0,0.37000000000000005,4.0,-13.59867848191061,87.0
265,3.0,0.37000000000000005,5.0,346.4474255144669,303.0
266,3.0,0.37000000000000005,6.0,120.66630843805615,109.0
267,3.0,0.37000000000000005,7.0,140.21300896770845,118.0
268,3.0,0.37000000000000005,8.0,68.40543141254602,137.0
269,3.0,0.37000000000000005,9.0,70.03260705008142,79.0
270,3.0,0.43000000000000005,0.0,160.33762100931926,132.0
271,3.0,0.43000000000000005,1.0,-18.78328055657039,112.0
272,3.0,0.43000000000000005,2.0,194.22688212312642,210.0
273,3.0,0.43000000000000005,3.0,64.91735302001325,74.0
274,3.0,0.43000000000000005,4.0,-22.286584642097296,133.0
275,3.0,0.43000000000000005,5.0,195.8452062137003,209.0
276,3.0,0.43000000000000005,6.0,65.47761609261215,80.0
277,3.0,0.43000000000000005,7.0,305.84515023857966,232.0
278,3.0,0.43000000000000005,8.0,47.87317821843317,116.0
279,3.0,0.43000000000000005,9.0,73.44833679161093,89.0
280,3.0,0.49000000000000005,0.0,97.01945855737722,88.0
281,3.0,0.49000000000000005,1.0,-18.728225098377152,108.0
282,3.0,0.49000000000000005,2.0,89.09653842816624,117.0
283,3.0,0.49000000000000005,3.0,63.1003168581592,78.0
284,3.0,0.49000000000000005,4.0,-17.21257839664031,96.0
285,3.0,0.49000000000000005,5.0,71.84436557257868,97.0
286,3.0,0.49000000000000005,6.0,69.87822744643199,81.0
287,3.0,0.49000000000000005,7.0,87.6717980092726,85.0
288,3.0,0.49000000000000005,8.0,48.34850807210023,110.0
289,3.0,0.49000000000000005,9.0,74.04685180867091,90.0
290,3.0,0.55,0.0,75.05119275544712,68.0
291,3.0,0.55,1.0,-20.79568583414948,109.0
292,3.0,0.55,2.0,312.1485110603462,276.0
293,3.0,0.55,3.0,60.34179892177053,72.0
294,3.0,0.55,4.0,-11.31651546672947,84.0
295,3.0,0.55,5.0,168.37632545032102,196.0
296,3.0,0.55,6.0,69.01354203407391,81.0
297,3.0,0.55,7.0,39.84370126038266,59.0
298,3.0,0.55,8.0,50.156327333643276,112.0
299,3.0,0.55,9.0,45.805406318024325,70.0
300,4.0,0.01,0.0,1744.8253399712048,1000.0
301,4.0,0.01,1.0,-19.481937789765652,89.0
302,4.0,0.01,2.0,1181.5214527972785,1000.0
303,4.0,0.01,3.0,1714.102086931358,1000.0
304,4.0,0.01,4.0,-12.25894649179827,62.0
305,4.0,0.01,5.0,146.319712964083,157.0
306,4.0,0.01,6.0,1257.6892048744485,1000.0
307,4.0,0.01,7.0,1668.8360450876498,1000.0
308,4.0,0.01,8.0,1636.4767635594326,1000.0
309,4.0,0.01,9.0,1632.5383891760575,1000.0
310,4.0,0.07,0.0,1757.8650511223386,1000.0
311,4.0,0.07,1.0,-19.271767870253825,92.0
312,4.0,0.07,2.0,1188.0353020321054,1000.0
313,4.0,0.07,3.0,1766.731349943846,1000.0
314,4.0,0.07,4.0,-12.298089839394379,62.0
315,4.0,0.07,5.0,1565.2644045348425,1000.0
316,4.0,0.07,6.0,1771.0881526526427,1000.0
317,4.0,0.07,7.0,474.18686550577695,317.0
318,4.0,0.07,8.0,81.12603331837454,142.0
319,4.0,0.07,9.0,1600.7213249125416,1000.0
320,4.0,0.13,0.0,194.75368421862368,141.0
321,4.0,0.13,1.0,-19.453019940112426,95.0
322,4.0,0.13,2.0,178.92017062165542,1000.0
323,4.0,0.13,3.0,710.8555011356366,533.0
324,4.0,0.13,4.0,-14.171504987949447,62.0
325,4.0,0.13,5.0,1584.3580894352708,1000.0
326,4.0,0.13,6.0,633.8713577179515,437.0
327,4.0,0.13,7.0,148.09361224999157,114.0
328,4.0,0.13,8.0,148.32310171728022,185.0
329,4.0,0.13,9.0,1222.7644380017373,753.0
330,4.0,0.19000000000000003,0.0,260.2636521651875,216.0
331,4.0,0.19000000000000003,1.0,-19.0090442838773,95.0
332,4.0,0.19000000000000003,2.0,1534.5386190249556,1000.0
333,4.0,0.19000000000000003,3.0,303.73660456565267,216.0
334,4.0,0.19000000000000003,4.0,-14.13727484310948,60.0
335,4.0,0.19000000000000003,5.0,93.03066460228729,115.0
336,4.0,0.19000000000000003,6.0,191.6313572312647,165.0
337,4.0,0.19000000000000003,7.0,146.67474833047163,114.0
338,4.0,0.19000000000000003,8.0,77.34532434886933,152.0
339,4.0,0.19000000000000003,9.0,583.0334224089383,439.0
340,4.0,0.25,0.0,431.8728331886232,337.0
341,4.0,0.25,1.0,-19.76032813994243,99.0
342,4.0,0.25,2.0,380.33563903580944,433.0
343,4.0,0.25,3.0,186.78130681728362,148.0
344,4.0,0.25,4.0,-14.46645341549447,57.0
345,4.0,0.25,5.0,351.11085013936827,1000.0
346,4.0,0.25,6.0,275.8858182551776,269.0
347,4.0,0.25,7.0,66.56339127304818,66.0
348,4.0,0.25,8.0,73.75489511846536,149.0
349,4.0,0.25,9.0,186.48700784334505,152.0
350,4.0,0.31000000000000005,0.0,369.38957661997847,269.0
351,4.0,0.31000000000000005,1.0,-18.886242456981563,99.0
352,4.0,0.31000000000000005,2.0,280.5199771721673,341.0
353,4.0,0.31000000000000005,3.0,541.3266907319048,397.0
354,4.0,0.31000000000000005,4.0,-15.62888188083889,91.0
355,4.0,0.31000000000000005,5.0,92.20605297473958,121.0
356,4.0,0.31000000000000005,6.0,292.01797630541114,854.0
357,4.0,0.31000000000000005,7.0,592.4870034000487,424.0
358,4.0,0.31000000000000005,8.0,80.25178451370448,151.0
359,4.0,0.31000000000000005,9.0,483.47354959489167,325.0
360,4.0,0.37000000000000005,0.0,377.3449003688729,270.0
361,4.0,0.37000000000000005,1.0,-17.991744894025032,100.0
362,4.0,0.37000000000000005,2.0,252.57013744840515,224.0
363,4.0,0.37000000000000005,3.0,182.17253288860957,146.0
364,4.0,0.37000000000000005,4.0,-18.34299507527612,207.0
365,4.0,0.37000000000000005,5.0,92.49943876588077,117.0
366,4.0,0.37000000000000005,6.0,266.47155965033016,226.0
367,4.0,0.37000000000000005,7.0,61.4593739703414,59.0
368,4.0,0.37000000000000005,8.0,47.75932560883666,130.0
369,4.0,0.37000000000000005,9.0,151.87270414987142,132.0
370,4.0,0.43000000000000005,0.0,147.66373876165017,117.0
371,4.0,0.43000000000000005,1.0,-18.32875722947938,99.0
372,4.0,0.43000000000000005,2.0,164.3477054249015,159.0
373,4.0,0.43000000000000005,3.0,210.47313653777383,197.0
374,4.0,0.43000000000000005,4.0,57.72123304265551,135.0
375,4.0,0.43000000000000005,5.0,146.88548528157844,156.0
376,4.0,0.43000000000000005,6.0,122.91306839406025,119.0
377,4.0,0.43000000000000005,7.0,57.73500681157748,60.0
378,4.0,0.43000000000000005,8.0,48.758058675761276,147.0
379,4.0,0.43000000000000005,9.0,59.80839450582425,68.0
380,4.0,0.49000000000000005,0.0,49.8809947036425,60.0
381,4.0,0.49000000000000005,1.0,-18.286538044289046,102.0
382,4.0,0.49000000000000005,2.0,205.92747830076405,283.0
383,4.0,0.49000000000000005,3.0,83.04659768340207,102.0
384,4.0,0.49000000000000005,4.0,65.86392464546225,117.0
385,4.0,0.49000000000000005,5.0,179.73191517403757,157.0
386,4.0,0.49000000000000005,6.0,75.15861650704755,90.0
387,4.0,0.49000000000000005,7.0,50.1317406237722,58.0
388,4.0,0.49000000000000005,8.0,49.53014718673512,147.0
389,4.0,0.49000000000000005,9.0,86.67857447966526,95.0
390,4.0,0.55,0.0,47.24950483662542,61.0
391,4.0,0.55,1.0,-16.743850508231844,100.0
392,4.0,0.55,2.0,151.49144462386903,152.0
393,4.0,0.55,3.0,208.64410467496782,191.0
394,4.0,0.55,4.0,51.23152415781078,120.0
395,4.0,0.55,5.0,297.8942546704129,242.0
396,4.0,0.55,6.0,80.91906083745562,90.0
397,4.0,0.55,7.0,14.464853275407222,17.0
398,4.0,0.55,8.0,41.245359941713104,125.0
399,4.0,0.55,9.0,55.93860609337571,86.0
400,5.0,0.01,0.0,1667.3411868742478,1000.0
401,5.0,0.01,1.0,-19.354711041567498,88.0
402,5.0,0.01,2.0,1539.5678364082487,1000.0
403,5.0,0.01,3.0,1620.1971058415875,1000.0
404,5.0,0.01,4.0,-11.991420240956359,62.0
405,5.0,0.01,5.0,1583.49085112381,1000.0
406,5.0,0.01,6.0,1496.946490085822,899.0
407,5.0,0.01,7.0,1060.3222220675598,675.0
408,5.0,0.01,8.0,115.77890911932627,166.0
409,5.0,0.01,9.0,624.1891248720276,397.0
410,5.0,0.07,0.0,1683.60025949814,1000.0
411,5.0,0.07,1.0,-19.879340728883108,89.0
412,5.0,0.07,2.0,1718.357365054384,1000.0
413,5.0,0.07,3.0,382.7084594977641,1000.0
414,5.0,0.07,4.0,-12.581977385561913,61.0
415,5.0,0.07,5.0,141.25530371424247,150.0
416,5.0,0.07,6.0,1742.7748355917356,1000.0
417,5.0,0.07,7.0,1607.0662634098917,1000.0
418,5.0,0.07,8.0,74.01049863243679,137.0
419,5.0,0.07,9.0,342.9857141374159,269.0
420,5.0,0.13,0.0,1194.4583584380453,1000.0
421,5.0,0.13,1.0,-19.591755958186695,89.0
422,5.0,0.13,2.0,1639.167016313193,1000.0
423,5.0,0.13,3.0,1548.5389582834323,929.0
424,5.0,0.13,4.0,-11.035832373287121,59.0
425,5.0,0.13,5.0,129.75212725858,1000.0
426,5.0,0.13,6.0,324.6656885458797,234.0
427,5.0,0.13,7.0,668.5309024467497,416.0
428,5.0,0.13,8.0,76.59260307292425,148.0
429,5.0,0.13,9.0,1180.0874406256698,805.0
430,5.0,0.19000000000000003,0.0,509.628563008504,1000.0
431,5.0,0.19000000000000003,1.0,-19.265137944144954,87.0
432,5.0,0.19000000000000003,2.0,951.703932531942,622.0
433,5.0,0.19000000000000003,3.0,332.5966474823508,1000.0
434,5.0,0.19000000000000003,4.0,-8.715756302612135,54.0
435,5.0,0.19000000000000003,5.0,134.0982731804761,1000.0
436,5.0,0.19000000000000003,6.0,1266.4077140825757,774.0
437,5.0,0.19000000000000003,7.0,94.65620236207906,82.0
438,5.0,0.19000000000000003,8.0,117.78334811708919,180.0
439,5.0,0.19000000000000003,9.0,206.6188501271099,172.0
440,5.0,0.25,0.0,155.27359923082986,132.0
441,5.0,0.25,1.0,-19.14695827235846,85.0
442,5.0,0.25,2.0,435.9023717192176,330.0
443,5.0,0.25,3.0,179.17588505053573,141.0
444,5.0,0.25,4.0,-8.995831186410214,55.0
445,5.0,0.25,5.0,125.52842179033905,1000.0
446,5.0,0.25,6.0,185.27409018503386,153.0
447,5.0,0.25,7.0,61.36069211259746,64.0
448,5.0,0.25,8.0,68.10780337423785,155.0
449,5.0,0.25,9.0,201.41933378799877,186.0
450,5.0,0.31000000000000005,0.0,93.72360037558974,95.0
451,5.0,0.31000000000000005,1.0,-19.18852847461676,85.0
452,5.0,0.31000000000000005,2.0,142.89789891034889,1000.0
453,5.0,0.31000000000000005,3.0,172.47459339580382,140.0
454,5.0,0.31000000000000005,4.0,55.625575797326746,122.0
455,5.0,0.31000000000000005,5.0,177.34411461467243,300.0
456,5.0,0.31000000000000005,6.0,273.8016165315057,222.0
457,5.0,0.31000000000000005,7.0,59.35486908454914,64.0
458,5.0,0.31000000000000005,8.0,265.21046482938254,297.0
459,5.0,0.31000000000000005,9.0,84.03771591853001,92.0
460,5.0,0.37000000000000005,0.0,86.46893358211673,94.0
461,5.0,0.37000000000000005,1.0,-19.409667978943617,84.0
462,5.0,0.37000000000000005,2.0,411.82915353908174,650.0
463,5.0,0.37000000000000005,3.0,278.1928717163755,211.0
464,5.0,0.37000000000000005,4.0,97.00761782006157,187.0
465,5.0,0.37000000000000005,5.0,122.0477353665774,131.0
466,5.0,0.37000000000000005,6.0,157.29466216859146,147.0
467,5.0,0.37000000000000005,7.0,41.893862908567826,58.0
468,5.0,0.37000000000000005,8.0,-19.332752675290976,189.0
469,5.0,0.37000000000000005,9.0,72.32416238569567,88.0
470,5.0,0.43000000000000005,0.0,66.60411040451436,81.0
471,5.0,0.43000000000000005,1.0,-19.141370336714317,82.0
472,5.0,0.43000000000000005,2.0,385.9478762957733,587.0
473,5.0,0.43000000000000005,3.0,88.38216617256694,95.0
474,5.0,0.43000000000000005,4.0,-6.571151180090965,61.0
475,5.0,0.43000000000000005,5.0,239.54048494626477,239.0
476,5.0,0.43000000000000005,6.0,154.53022472883458,158.0
477,5.0,0.43000000000000005,7.0,40.27172582987987,55.0
478,5.0,0.43000000000000005,8.0,-25.651553089061053,137.0
479,5.0,0.43000000000000005,9.0,56.638448211997456,76.0
480,5.0,0.49000000000000005,0.0,200.91015661186975,169.0
481,5.0,0.49000000000000005,1.0,-19.364951114759606,81.0
482,5.0,0.49000000000000005,2.0,179.22073724587244,194.0
483,5.0,0.49000000000000005,3.0,92.56095333568373,103.0
484,5.0,0.49000000000000005,4.0,-3.7447805737392628,56.0
485,5.0,0.49000000000000005,5.0,80.13120094796614,106.0
486,5.0,0.49000000000000005,6.0,144.29261208438402,139.0
487,5.0,0.49000000000000005,7.0,38.585929774679244,57.0
488,5.0,0.49000000000000005,8.0,-29.414655934750044,144.0
489,5.0,0.49000000000000005,9.0,60.55135137234174,77.0
490,5.0,0.55,0.0,111.70457555757457,154.0
491,5.0,0.55,1.0,-19.49980878691713,80.0
492,5.0,0.55,2.0,277.8573014430731,298.0
493,5.0,0.55,3.0,90.42893281195575,99.0
494,5.0,0.55,4.0,-3.5576995827286737,55.0
495,5.0,0.55,5.0,70.87670769325632,103.0
496,5.0,0.55,6.0,60.45410357967921,76.0
497,5.0,0.55,7.0,15.41626134209946,19.0
498,5.0,0.55,8.0,-34.13667023754533,156.0
499,5.0,0.55,9.0,61.249686148323235,81.0
500,6.0,0.01,0.0,1803.251186680267,1000.0
501,6.0,0.01,1.0,-19.3161778212816,88.0
502,6.0,0.01,2.0,1699.6370850189924,1000.0
503,6.0,0.01,3.0,1768.330476095376,1000.0
504,6.0,0.01,4.0,-11.730983967558132,62.0
505,6.0,0.01,5.0,1597.493109022951,1000.0
506,6.0,0.01,6.0,1727.0549323056766,1000.0
507,6.0,0.01,7.0,1558.6002022817775,1000.0
508,6.0,0.01,8.0,849.4983412993679,1000.0
509,6.0,0.01,9.0,1641.0518547931351,1000.0
510,6.0,0.07,0.0,1517.4468533791733,901.0
511,6.0,0.07,1.0,-20.001684224247583,89.0
512,6.0,0.07,2.0,1385.0938203958867,1000.0
513,6.0,0.07,3.0,1499.034283358771,916.0
514,6.0,0.07,4.0,-10.64548234383983,60.0
515,6.0,0.07,5.0,159.0686198525509,1000.0
516,6.0,0.07,6.0,1518.17716672807,927.0
517,6.0,0.07,7.0,212.09647066013713,166.0
518,6.0,0.07,8.0,324.53830399990693,1000.0
519,6.0,0.07,9.0,1613.5792619944768,1000.0
520,6.0,0.13,0.0,376.86358968202694,272.0
521,6.0,0.13,1.0,-20.014907832875906,89.0
522,6.0,0.13,2.0,296.86364460812183,299.0
523,6.0,0.13,3.0,762.231197877627,492.0
524,6.0,0.13,4.0,-9.552981909815571,58.0
525,6.0,0.13,5.0,87.35645236461278,113.0
526,6.0,0.13,6.0,538.940665177237,399.0
527,6.0,0.13,7.0,450.37756369292765,291.0
528,6.0,0.13,8.0,209.98749185191264,1000.0
529,6.0,0.13,9.0,176.18333704910765,139.0
530,6.0,0.19000000000000003,0.0,273.89153819124476,195.0
531,6.0,0.19000000000000003,1.0,-19.802190868860635,88.0
532,6.0,0.19000000000000003,2.0,1073.2903217522617,1000.0
533,6.0,0.19000000000000003,3.0,526.3554143984729,465.0
534,6.0,0.19000000000000003,4.0,-9.302662997426523,57.0
535,6.0,0.19000000000000003,5.0,85.14726109843468,110.0
536,6.0,0.19000000000000003,6.0,270.0405024287393,399.0
537,6.0,0.19000000000000003,7.0,1049.3836403873356,668.0
538,6.0,0.19000000000000003,8.0,64.3963160144267,132.0
539,6.0,0.19000000000000003,9.0,174.65215403132606,135.0
540,6.0,0.25,0.0,207.5038232743609,160.0
541,6.0,0.25,1.0,-19.793517790996702,89.0
542,6.0,0.25,2.0,174.87580353522935,172.0
543,6.0,0.25,3.0,206.53626221240847,164.0
544,6.0,0.25,4.0,-8.5682110009584,54.0
545,6.0,0.25,5.0,89.92172763565759,113.0
546,6.0,0.25,6.0,121.1097025942363,133.0
547,6.0,0.25,7.0,69.13598799011379,69.0
548,6.0,0.25,8.0,58.512842748830735,128.0
549,6.0,0.25,9.0,160.41735486708058,140.0
550,6.0,0.31000000000000005,0.0,62.9638745210832,68.0
551,6.0,0.31000000000000005,1.0,-19.080852439255978,87.0
552,6.0,0.31000000000000005,2.0,134.0829565092572,136.0
553,6.0,0.31000000000000005,3.0,361.8639136911006,299.0
554,6.0,0.31000000000000005,4.0,67.01605724571709,139.0
555,6.0,0.31000000000000005,5.0,90.98980873031542,113.0
556,6.0,0.31000000000000005,6.0,118.36649646332808,132.0
557,6.0,0.31000000000000005,7.0,63.00658438613755,67.0
558,6.0,0.31000000000000005,8.0,48.41173406208691,126.0
559,6.0,0.31000000000000005,9.0,154.82226487554,129.0
560,6.0,0.37000000000000005,0.0,51.557632894626295,61.0
561,6.0,0.37000000000000005,1.0,-19.70461360457557,88.0
562,6.0,0.37000000000000005,2.0,392.0422817699073,1000.0
563,6.0,0.37000000000000005,3.0,414.0065582597308,461.0
564,6.0,0.37000000000000005,4.0,1.3881381628816598,50.0
565,6.0,0.37000000000000005,5.0,424.6062561340659,314.0
566,6.0,0.37000000000000005,6.0,124.31904989889154,132.0
567,6.0,0.37000000000000005,7.0,60.88338322137133,66.0
568,6.0,0.37000000000000005,8.0,51.88676391603076,134.0
569,6.0,0.37000000000000005,9.0,77.60120291922794,77.0
570,6.0,0.43000000000000005,0.0,60.496800141707354,74.0
571,6.0,0.43000000000000005,1.0,-19.627999042815645,86.0
572,6.0,0.43000000000000005,2.0,185.66561670161173,187.0
573,6.0,0.43000000000000005,3.0,374.6256309982564,335.0
574,6.0,0.43000000000000005,4.0,1.2178383212376502,50.0
575,6.0,0.43000000000000005,5.0,290.360408284374,319.0
576,6.0,0.43000000000000005,6.0,73.09880224482185,88.0
577,6.0,0.43000000000000005,7.0,52.25198032075423,62.0
578,6.0,0.43000000000000005,8.0,55.137237612842,150.0
579,6.0,0.43000000000000005,9.0,67.00172678537638,69.0
580,6.0,0.49000000000000005,0.0,67.6623161244861,79.0
581,6.0,0.49000000000000005,1.0,-20.10152834255132,86.0
582,6.0,0.49000000000000005,2.0,188.17558872940572,179.0
583,6.0,0.49000000000000005,3.0,140.2871066198495,148.0
584,6.0,0.49000000000000005,4.0,-8.402775307724369,56.0
585,6.0,0.49000000000000005,5.0,241.7979174673019,225.0
586,6.0,0.49000000000000005,6.0,156.6665573129212,171.0
587,6.0,0.49000000000000005,7.0,41.674101858407084,64.0
588,6.0,0.49000000000000005,8.0,-31.978837067370478,158.0
589,6.0,0.49000000000000005,9.0,70.47864717665652,74.0
590,6.0,0.55,0.0,100.46643977605709,102.0
591,6.0,0.55,1.0,-20.254466943639272,84.0
592,6.0,0.55,2.0,180.85556556060328,162.0
593,6.0,0.55,3.0,127.92136630793539,135.0
594,6.0,0.55,4.0,-7.646403912243841,56.0
595,6.0,0.55,5.0,72.49186113786709,102.0
596,6.0,0.55,6.0,74.50779695304664,90.0
597,6.0,0.55,7.0,40.606352101014636,57.0
598,6.0,0.55,8.0,-19.704270394671767,114.0
599,6.0,0.55,9.0,69.26553495186818,74.0
600,7.0,0.01,0.0,1766.2817786089436,1000.0
601,7.0,0.01,1.0,-19.751770485105226,89.0
602,7.0,0.01,2.0,754.0778891123409,510.0
603,7.0,0.01,3.0,473.036567005729,299.0
604,7.0,0.01,4.0,-11.884714264968352,62.0
605,7.0,0.01,5.0,1698.0819291457665,1000.0
606,7.0,0.01,6.0,1305.6502536222542,742.0
607,7.0,0.01,7.0,1667.4639368780408,1000.0
608,7.0,0.01,8.0,1078.5952088131453,1000.0
609,7.0,0.01,9.0,479.45263354205235,1000.0
610,7.0,0.07,0.0,139.42426696138864,121.0
611,7.0,0.07,1.0,-19.15544373333978,90.0
612,7.0,0.07,2.0,1557.2077650101637,1000.0
613,7.0,0.07,3.0,416.144407349384,292.0
614,7.0,0.07,4.0,-11.079235251949285,61.0
615,7.0,0.07,5.0,605.2344790720817,1000.0
616,7.0,0.07,6.0,212.10188989346352,262.0
617,7.0,0.07,7.0,1079.3111393023355,646.0
618,7.0,0.07,8.0,83.6097016513013,149.0
619,7.0,0.07,9.0,747.5482348599544,426.0
620,7.0,0.13,0.0,125.1480488385132,117.0
621,7.0,0.13,1.0,-19.643164390297898,91.0
622,7.0,0.13,2.0,724.1294313871258,587.0
623,7.0,0.13,3.0,172.06196584690042,143.0
624,7.0,0.13,4.0,-10.642903218060383,59.0
625,7.0,0.13,5.0,387.1449983107668,473.0
626,7.0,0.13,6.0,1561.1243229203174,1000.0
627,7.0,0.13,7.0,160.602298592843,125.0
628,7.0,0.13,8.0,1366.7874265716237,1000.0
629,7.0,0.13,9.0,169.0119871665156,139.0
630,7.0,0.19000000000000003,0.0,644.0209259273252,489.0
631,7.0,0.19000000000000003,1.0,-19.99034014899371,92.0
632,7.0,0.19000000000000003,2.0,216.21398331286764,183.0
633,7.0,0.19000000000000003,3.0,651.9639762314328,477.0
634,7.0,0.19000000000000003,4.0,-10.497194477291487,59.0
635,7.0,0.19000000000000003,5.0,511.3254874992854,392.0
636,7.0,0.19000000000000003,6.0,245.11380078696675,194.0
637,7.0,0.19000000000000003,7.0,288.02527205471415,523.0
638,7.0,0.19000000000000003,8.0,66.01299362254213,140.0
639,7.0,0.19000000000000003,9.0,164.43446166423382,132.0
640,7.0,0.25,0.0,74.5329985396238,74.0
641,7.0,0.25,1.0,-19.632209403906018,91.0
642,7.0,0.25,2.0,231.69826799135626,235.0
643,7.0,0.25,3.0,263.09307025774615,211.0
644,7.0,0.25,4.0,-4.26735625629226,50.0
645,7.0,0.25,5.0,167.56793441165064,158.0
646,7.0,0.25,6.0,281.32324394064926,211.0
647,7.0,0.25,7.0,62.853725730703445,65.0
648,7.0,0.25,8.0,51.547395379137015,131.0
649,7.0,0.25,9.0,508.2570116679999,324.0
650,7.0,0.31000000000000005,0.0,53.74911819994304,67.0
651,7.0,0.31000000000000005,1.0,-20.16933594290458,92.0
652,7.0,0.31000000000000005,2.0,209.09052653421531,182.0
653,7.0,0.31000000000000005,3.0,139.89330334458646,142.0
654,7.0,0.31000000000000005,4.0,17.880387186800363,47.0
655,7.0,0.31000000000000005,5.0,89.42422511558107,112.0
656,7.0,0.31000000000000005,6.0,284.6033409064985,208.0
657,7.0,0.31000000000000005,7.0,85.61921997880563,77.0
658,7.0,0.31000000000000005,8.0,42.639216174095054,122.0
659,7.0,0.31000000000000005,9.0,86.96758729857538,81.0
660,7.0,0.37000000000000005,0.0,103.63402361184126,109.0
661,7.0,0.37000000000000005,1.0,13.176425831341476,40.0
662,7.0,0.37000000000000005,2.0,527.0677697554784,458.0
663,7.0,0.37000000000000005,3.0,387.8393735030695,299.0
664,7.0,0.37000000000000005,4.0,6.375008163784514,49.0
665,7.0,0.37000000000000005,5.0,79.3610152746769,108.0
666,7.0,0.37000000000000005,6.0,95.87708341426332,102.0
667,7.0,0.37000000000000005,7.0,53.817705271430896,61.0
668,7.0,0.37000000000000005,8.0,46.449556096958986,112.0
669,7.0,0.37000000000000005,9.0,88.81547581399354,87.0
670,7.0,0.43000000000000005,0.0,142.2547691977452,127.0
671,7.0,0.43000000000000005,1.0,13.504563439935737,38.0
672,7.0,0.43000000000000005,2.0,86.12620552422595,110.0
673,7.0,0.43000000000000005,3.0,67.96328766438819,98.0
674,7.0,0.43000000000000005,4.0,4.695387110929005,49.0
675,7.0,0.43000000000000005,5.0,72.8611838821962,107.0
676,7.0,0.43000000000000005,6.0,92.6857019652889,101.0
677,7.0,0.43000000000000005,7.0,57.15295200982655,64.0
678,7.0,0.43000000000000005,8.0,50.751620462106075,116.0
679,7.0,0.43000000000000005,9.0,78.38285766760964,81.0
680,7.0,0.49000000000000005,0.0,46.11156917745393,54.0
681,7.0,0.49000000000000005,1.0,13.203105876295012,36.0
682,7.0,0.49000000000000005,2.0,237.35860340735235,251.0
683,7.0,0.49000000000000005,3.0,136.41199798671732,472.0
684,7.0,0.49000000000000005,4.0,2.635360081869294,49.0
685,7.0,0.49000000000000005,5.0,63.33184289540077,104.0
686,7.0,0.49000000000000005,6.0,77.29746359850833,83.0
687,7.0,0.49000000000000005,7.0,58.81533459748607,72.0
688,7.0,0.49000000000000005,8.0,67.8468645562607,140.0
689,7.0,0.49000000000000005,9.0,52.717674617531884,63.0
690,7.0,0.55,0.0,46.59833588695619,72.0
691,7.0,0.55,1.0,13.697163085300417,35.0
692,7.0,0.55,2.0,13.734970260098635,19.0
693,7.0,0.55,3.0,138.5909025849396,159.0
694,7.0,0.55,4.0,3.224996995217225,48.0
695,7.0,0.55,5.0,55.020291222434025,93.0
696,7.0,0.55,6.0,71.13895400792535,81.0
697,7.0,0.55,7.0,37.053544143804174,56.0
698,7.0,0.55,8.0,13.815029261131713,30.0
699,7.0,0.55,9.0,72.15558141691145,75.0
700,8.0,0.01,0.0,1760.2926798621775,1000.0
701,8.0,0.01,1.0,-19.424264670589764,88.0
702,8.0,0.01,2.0,490.99105125528877,1000.0
703,8.0,0.01,3.0,509.390170831648,329.0
704,8.0,0.01,4.0,-12.41734144557995,62.0
705,8.0,0.01,5.0,751.0679172133023,519.0
706,8.0,0.01,6.0,902.7974008004021,1000.0
707,8.0,0.01,7.0,222.01627512003324,169.0
708,8.0,0.01,8.0,1465.74595075658,1000.0
709,8.0,0.01,9.0,1585.003002259,1000.0
710,8.0,0.07,0.0,1612.2083076188792,1000.0
711,8.0,0.07,1.0,-19.171302772512718,89.0
712,8.0,0.07,2.0,160.16395179569372,1000.0
713,8.0,0.07,3.0,253.59070566981973,182.0
714,8.0,0.07,4.0,-11.961759363381134,62.0
715,8.0,0.07,5.0,1542.0785077887122,1000.0
716,8.0,0.07,6.0,1231.115302830127,802.0
717,8.0,0.07,7.0,1569.0514506480686,1000.0
718,8.0,0.07,8.0,74.21577147292555,136.0
719,8.0,0.07,9.0,215.31615102864453,1000.0
720,8.0,0.13,0.0,443.7008529237137,275.0
721,8.0,0.13,1.0,-19.39907683315687,90.0
722,8.0,0.13,2.0,93.12607955869316,116.0
723,8.0,0.13,3.0,313.1960798529253,223.0
724,8.0,0.13,4.0,-10.941006131812173,60.0
725,8.0,0.13,5.0,409.5749194586024,323.0
726,8.0,0.13,6.0,520.4893898073278,360.0
727,8.0,0.13,7.0,152.24324685370084,120.0
728,8.0,0.13,8.0,68.12186908453441,134.0
729,8.0,0.13,9.0,292.1651677461414,224.0
730,8.0,0.19000000000000003,0.0,536.1288009393829,371.0
731,8.0,0.19000000000000003,1.0,-19.794055985046725,92.0
732,8.0,0.19000000000000003,2.0,96.91583276216261,122.0
733,8.0,0.19000000000000003,3.0,127.1326639027975,1000.0
734,8.0,0.19000000000000003,4.0,-10.145323678203567,59.0
735,8.0,0.19000000000000003,5.0,404.1951001292182,321.0
736,8.0,0.19000000000000003,6.0,239.2256180974582,177.0
737,8.0,0.19000000000000003,7.0,95.70428339437058,82.0
738,8.0,0.19000000000000003,8.0,62.36983093119488,132.0
739,8.0,0.19000000000000003,9.0,945.2210254426391,729.0
740,8.0,0.25,0.0,96.96517806167685,95.0
741,8.0,0.25,1.0,12.928110650078452,42.0
742,8.0,0.25,2.0,91.78618329319579,117.0
743,8.0,0.25,3.0,179.90718096533965,205.0
744,8.0,0.25,4.0,-3.2929549789550947,50.0
745,8.0,0.25,5.0,219.48008566413773,211.0
746,8.0,0.25,6.0,258.8273375057397,196.0
747,8.0,0.25,7.0,67.64871531789686,75.0
748,8.0,0.25,8.0,51.17755455424049,124.0
749,8.0,0.25,9.0,103.75635969539871,90.0
750,8.0,0.31000000000000005,0.0,57.42055927291949,75.0
751,8.0,0.31000000000000005,1.0,13.467206970213738,39.0
752,8.0,0.31000000000000005,2.0,93.77359108187375,120.0
753,8.0,0.31000000000000005,3.0,164.26275248044112,155.0
754,8.0,0.31000000000000005,4.0,17.388999975017214,47.0
755,8.0,0.31000000000000005,5.0,124.6209812098241,140.0
756,8.0,0.31000000000000005,6.0,227.20974149824178,240.0
757,8.0,0.31000000000000005,7.0,93.96527935587073,83.0
758,8.0,0.31000000000000005,8.0,50.30694148042676,122.0
759,8.0,0.31000000000000005,9.0,77.42132386003505,79.0
760,8.0,0.37000000000000005,0.0,128.97345885624964,116.0
761,8.0,0.37000000000000005,1.0,13.943481538248307,38.0
762,8.0,0.37000000000000005,2.0,90.86766043066018,123.0
763,8.0,0.37000000000000005,3.0,152.92095858464745,190.0
764,8.0,0.37000000000000005,4.0,8.70000286038703,50.0
765,8.0,0.37000000000000005,5.0,102.47538243167946,130.0
766,8.0,0.37000000000000005,6.0,76.7754132867849,89.0
767,8.0,0.37000000000000005,7.0,61.7516306981197,70.0
768,8.0,0.37000000000000005,8.0,52.95147622620425,120.0
769,8.0,0.37000000000000005,9.0,53.57870329340949,65.0
770,8.0,0.43000000000000005,0.0,49.89133587383549,57.0
771,8.0,0.43000000000000005,1.0,13.57392423888814,37.0
772,8.0,0.43000000000000005,2.0,85.1426490844533,107.0
773,8.0,0.43000000000000005,3.0,133.32887962573295,157.0
774,8.0,0.43000000000000005,4.0,7.157888225483475,49.0
775,8.0,0.43000000000000005,5.0,65.98843902869703,93.0
776,8.0,0.43000000000000005,6.0,77.87615625234321,90.0
777,8.0,0.43000000000000005,7.0,55.53682014889637,64.0
778,8.0,0.43000000000000005,8.0,15.019919370919524,32.0
779,8.0,0.43000000000000005,9.0,67.84421432330419,71.0
780,8.0,0.49000000000000005,0.0,44.35411776609544,54.0
781,8.0,0.49000000000000005,1.0,13.945988400191709,37.0
782,8.0,0.49000000000000005,2.0,78.06427778955549,101.0
783,8.0,0.49000000000000005,3.0,92.37771021650406,126.0
784,8.0,0.49000000000000005,4.0,5.828189796819061,49.0
785,8.0,0.49000000000000005,5.0,159.38720529669808,181.0
786,8.0,0.49000000000000005,6.0,112.82669270962651,126.0
787,8.0,0.49000000000000005,7.0,47.17165402039245,64.0
788,8.0,0.49000000000000005,8.0,14.679275069087453,31.0
789,8.0,0.49000000000000005,9.0,63.845660721977765,71.0
790,8.0,0.55,0.0,39.43505238470243,53.0
791,8.0,0.55,1.0,13.805709883366944,36.0
792,8.0,0.55,2.0,236.4082066420524,229.0
793,8.0,0.55,3.0,78.44254513388296,118.0
794,8.0,0.55,4.0,4.288014197481971,49.0
795,8.0,0.55,5.0,72.21462590745796,95.0
796,8.0,0.55,6.0,103.11738302562298,174.0
797,8.0,0.55,7.0,48.57964068133879,56.0
798,8.0,0.55,8.0,14.30773083823442,30.0
799,8.0,0.55,9.0,57.95687670996267,66.0
800,9.0,0.01,0.0,1804.192000185736,1000.0
801,9.0,0.01,1.0,-19.377820580499247,88.0
802,9.0,0.01,2.0,477.51105443460983,427.0
803,9.0,0.01,3.0,1649.279473521041,1000.0
804,9.0,0.01,4.0,-11.755070957820863,62.0
805,9.0,0.01,5.0,1735.7649268010864,1000.0
806,9.0,0.01,6.0,1490.957934049613,840.0
807,9.0,0.01,7.0,1608.9101670349119,1000.0
808,9.0,0.01,8.0,1620.269399068835,1000.0
809,9.0,0.01,9.0,1704.6250079088059,1000.0
810,9.0,0.07,0.0,1086.6677307502396,1000.0
811,9.0,0.07,1.0,-19.43538661668572,91.0
812,9.0,0.07,2.0,92.24295743164839,120.0
813,9.0,0.07,3.0,549.0854645526197,373.0
814,9.0,0.07,4.0,-12.207851478699013,62.0
815,9.0,0.07,5.0,1596.7214647266082,1000.0
816,9.0,0.07,6.0,1122.2069781907485,711.0
817,9.0,0.07,7.0,962.7843287450669,659.0
818,9.0,0.07,8.0,75.89694266163133,140.0
819,9.0,0.07,9.0,359.7857869743675,272.0
820,9.0,0.13,0.0,304.6324692411217,230.0
821,9.0,0.13,1.0,-20.241491720007616,93.0
822,9.0,0.13,2.0,91.5099068119016,123.0
823,9.0,0.13,3.0,1196.5654591369748,747.0
824,9.0,0.13,4.0,-10.962786052259617,61.0
825,9.0,0.13,5.0,347.8508721620892,313.0
826,9.0,0.13,6.0,1493.9722013937208,935.0
827,9.0,0.13,7.0,103.7494239102889,88.0
828,9.0,0.13,8.0,86.35780637655262,146.0
829,9.0,0.13,9.0,423.700669162703,283.0
830,9.0,0.19000000000000003,0.0,88.79447107649321,93.0
831,9.0,0.19000000000000003,1.0,12.995986630383413,44.0
832,9.0,0.19000000000000003,2.0,88.28835883412103,115.0
833,9.0,0.19000000000000003,3.0,121.94456611721398,109.0
834,9.0,0.19000000000000003,4.0,-9.689900464400125,59.0
835,9.0,0.19000000000000003,5.0,125.27932843389863,149.0
836,9.0,0.19000000000000003,6.0,80.67073592889938,93.0
837,9.0,0.19000000000000003,7.0,77.31447972504975,75.0
838,9.0,0.19000000000000003,8.0,16.587083216625615,43.0
839,9.0,0.19000000000000003,9.0,146.21381714576273,130.0
840,9.0,0.25,0.0,63.09291181107983,82.0
841,9.0,0.25,1.0,13.306523446372012,42.0
842,9.0,0.25,2.0,89.69791732163867,115.0
843,9.0,0.25,3.0,115.812964949655,104.0
844,9.0,0.25,4.0,-3.6438671007417724,52.0
845,9.0,0.25,5.0,188.75565643037407,176.0
846,9.0,0.25,6.0,224.39221467434254,243.0
847,9.0,0.25,7.0,65.15090401082125,63.0
848,9.0,0.25,8.0,15.883079315623036,38.0
849,9.0,0.25,9.0,231.34094903083314,175.0
850,9.0,0.31000000000000005,0.0,154.25332023580268,140.0
851,9.0,0.31000000000000005,1.0,13.696967019677686,40.0
852,9.0,0.31000000000000005,2.0,95.85024479091226,132.0
853,9.0,0.31000000000000005,3.0,82.39323386099568,83.0
854,9.0,0.31000000000000005,4.0,19.211706187212258,48.0
855,9.0,0.31000000000000005,5.0,183.55849851243693,170.0
856,9.0,0.31000000000000005,6.0,384.58141064691154,304.0
857,9.0,0.31000000000000005,7.0,76.54913916794612,79.0
858,9.0,0.31000000000000005,8.0,15.448807130444038,35.0
859,9.0,0.31000000000000005,9.0,73.83988622923061,83.0
860,9.0,0.37000000000000005,0.0,54.88612113653653,62.0
861,9.0,0.37000000000000005,1.0,14.15759339237411,40.0
862,9.0,0.37000000000000005,2.0,91.61827703779272,135.0
863,9.0,0.37000000000000005,3.0,76.79111523066967,83.0
864,9.0,0.37000000000000005,4.0,9.300685046313447,52.0
865,9.0,0.37000000000000005,5.0,81.45215037712478,102.0
866,9.0,0.37000000000000005,6.0,210.503703767361,1000.0
867,9.0,0.37000000000000005,7.0,62.20087675427931,66.0
868,9.0,0.37000000000000005,8.0,15.534556415870611,34.0
869,9.0,0.37000000000000005,9.0,76.23700743794325,86.0
870,9.0,0.43000000000000005,0.0,51.4911827338874,62.0
871,9.0,0.43000000000000005,1.0,14.189247739290295,39.0
872,9.0,0.43000000000000005,2.0,85.07511074310605,112.0
873,9.0,0.43000000000000005,3.0,127.5922672651941,130.0
874,9.0,0.43000000000000005,4.0,8.527951256641245,51.0
875,9.0,0.43000000000000005,5.0,58.229688611660094,89.0
876,9.0,0.43000000000000005,6.0,147.56632677899324,139.0
877,9.0,0.43000000000000005,7.0,57.79957630646095,67.0
878,9.0,0.43000000000000005,8.0,15.283781860620365,33.0
879,9.0,0.43000000000000005,9.0,66.94734673549829,77.0
880,9.0,0.49000000000000005,0.0,47.16330934455618,59.0
881,9.0,0.49000000000000005,1.0,14.443045152758714,38.0
882,9.0,0.49000000000000005,2.0,78.17374242419464,111.0
883,9.0,0.49000000000000005,3.0,66.8361451899109,132.0
884,9.0,0.49000000000000005,4.0,5.546111064526485,51.0
885,9.0,0.49000000000000005,5.0,55.61636036160053,87.0
886,9.0,0.49000000000000005,6.0,175.95347419280006,174.0
887,9.0,0.49000000000000005,7.0,38.33821627214638,51.0
888,9.0,0.49000000000000005,8.0,15.13204714499443,32.0
889,9.0,0.49000000000000005,9.0,63.932881652574,75.0
890,9.0,0.55,0.0,47.499437600708916,58.0
891,9.0,0.55,1.0,14.184146543579118,37.0
892,9.0,0.55,2.0,84.26613803187502,114.0
893,9.0,0.55,3.0,78.272961109069,132.0
894,9.0,0.55,4.0,5.024278527263959,51.0
895,9.0,0.55,5.0,48.427410470700124,83.0
896,9.0,0.55,6.0,79.18074504348624,98.0
897,9.0,0.55,7.0,33.76195046924113,48.0
898,9.0,0.55,8.0,14.745487420375866,31.0
899,9.0,0.55,9.0,42.206898031116,55.0
900,10.0,0.01,0.0,1729.5855688741212,1000.0
901,10.0,0.01,1.0,-19.466920257982565,89.0
902,10.0,0.01,2.0,1647.0832103253633,1000.0
903,10.0,0.01,3.0,474.38541265093227,1000.0
904,10.0,0.01,4.0,-11.73072562328889,62.0
905,10.0,0.01,5.0,1787.4090723497065,1000.0
906,10.0,0.01,6.0,1733.2866998240133,1000.0
907,10.0,0.01,7.0,1664.618151410279,1000.0
908,10.0,0.01,8.0,93.23442971957411,149.0
909,10.0,0.01,9.0,1655.958479400273,1000.0
910,10.0,0.07,0.0,653.7907917806151,461.0
911,10.0,0.07,1.0,-19.031788036518265,92.0
912,10.0,0.07,2.0,1516.265534673781,1000.0
913,10.0,0.07,3.0,1113.3962064631924,1000.0
914,10.0,0.07,4.0,-11.451603827583313,62.0
915,10.0,0.07,5.0,800.401076189446,527.0
916,10.0,0.07,6.0,1599.8654292269057,1000.0
917,10.0,0.07,7.0,256.62950210981944,175.0
918,10.0,0.07,8.0,83.49846458377579,141.0
919,10.0,0.07,9.0,1472.297685026395,1000.0
920,10.0,0.13,0.0,142.30553435145703,130.0
921,10.0,0.13,1.0,12.55534929188434,47.0
922,10.0,0.13,2.0,91.84160196637094,122.0
923,10.0,0.13,3.0,173.29323561573983,140.0
924,10.0,0.13,4.0,-12.107853251298366,62.0
925,10.0,0.13,5.0,215.61097733073984,185.0
926,10.0,0.13,6.0,1305.641931729151,884.0
927,10.0,0.13,7.0,233.04228568648978,168.0
928,10.0,0.13,8.0,78.10570397930132,137.0
929,10.0,0.13,9.0,769.7165142629892,493.0
930,10.0,0.19000000000000003,0.0,468.6877932365387,328.0
931,10.0,0.19000000000000003,1.0,13.020608137449017,46.0
932,10.0,0.19000000000000003,2.0,91.03214186454716,122.0
933,10.0,0.19000000000000003,3.0,157.20922639396304,131.0
934,10.0,0.19000000000000003,4.0,-10.106745721961488,60.0
935,10.0,0.19000000000000003,5.0,83.40559234574903,105.0
936,10.0,0.19000000000000003,6.0,624.6222022260481,396.0
937,10.0,0.19000000000000003,7.0,91.94368206358195,82.0
938,10.0,0.19000000000000003,8.0,16.369179642599192,39.0
939,10.0,0.19000000000000003,9.0,284.6082622028407,210.0
940,10.0,0.25,0.0,362.075164250964,277.0
941,10.0,0.25,1.0,13.701015409045795,44.0
942,10.0,0.25,2.0,92.92979871127318,124.0
943,10.0,0.25,3.0,83.36866394695244,93.0
944,10.0,0.25,4.0,-7.828133180984878,57.0
945,10.0,0.25,5.0,72.92315743033396,99.0
946,10.0,0.25,6.0,417.2723972596068,306.0
947,10.0,0.25,7.0,68.88974141326617,66.0
948,10.0,0.25,8.0,15.95436741312733,38.0
949,10.0,0.25,9.0,239.37934710634,187.0
950,10.0,0.31000000000000005,0.0,77.7529075706334,98.0
951,10.0,0.31000000000000005,1.0,13.783356352883857,43.0
952,10.0,0.31000000000000005,2.0,90.5379702161299,128.0
953,10.0,0.31000000000000005,3.0,83.45367616666044,90.0
954,10.0,0.31000000000000005,4.0,21.049903847531823,50.0
955,10.0,0.31000000000000005,5.0,79.1275771087312,101.0
956,10.0,0.31000000000000005,6.0,161.9840173755365,146.0
957,10.0,0.31000000000000005,7.0,67.32652143672749,69.0
958,10.0,0.31000000000000005,8.0,15.745569389247976,35.0
959,10.0,0.31000000000000005,9.0,102.93092815994169,95.0
960,10.0,0.37000000000000005,0.0,55.34716223999567,67.0
961,10.0,0.37000000000000005,1.0,14.387369581432722,41.0
962,10.0,0.37000000000000005,2.0,98.10505390912294,144.0
963,10.0,0.37000000000000005,3.0,72.9085133973349,82.0
964,10.0,0.37000000000000005,4.0,9.348859545018058,54.0
965,10.0,0.37000000000000005,5.0,72.91312129967991,93.0
966,10.0,0.37000000000000005,6.0,152.41247399650456,137.0
967,10.0,0.37000000000000005,7.0,63.4013773944971,66.0
968,10.0,0.37000000000000005,8.0,15.411934538693458,34.0
969,10.0,0.37000000000000005,9.0,116.28519027980656,103.0
970,10.0,0.43000000000000005,0.0,54.891337252018275,67.0
971,10.0,0.43000000000000005,1.0,14.384291072223277,40.0
972,10.0,0.43000000000000005,2.0,87.98111208451883,118.0
973,10.0,0.43000000000000005,3.0,72.6534343303938,82.0
974,10.0,0.43000000000000005,4.0,10.107814159688132,52.0
975,10.0,0.43000000000000005,5.0,60.72526036176714,92.0
976,10.0,0.43000000000000005,6.0,152.0040904313646,140.0
977,10.0,0.43000000000000005,7.0,56.73213010010659,67.0
978,10.0,0.43000000000000005,8.0,15.103264249795757,33.0
979,10.0,0.43000000000000005,9.0,77.90490498843428,85.0
980,10.0,0.49000000000000005,0.0,50.91968146794534,64.0
981,10.0,0.49000000000000005,1.0,14.805583553483302,40.0
982,10.0,0.49000000000000005,2.0,81.4745438784521,122.0
983,10.0,0.49000000000000005,3.0,291.27005607491446,293.0
984,10.0,0.49000000000000005,4.0,6.761650517371891,52.0
985,10.0,0.49000000000000005,5.0,59.60295701594441,90.0
986,10.0,0.49000000000000005,6.0,203.73519596750702,214.0
987,10.0,0.49000000000000005,7.0,43.410265674916445,53.0
988,10.0,0.49000000000000005,8.0,15.29194147621456,33.0
989,10.0,0.49000000000000005,9.0,54.33817384428403,67.0
990,10.0,0.55,0.0,54.3267528817305,63.0
991,10.0,0.55,1.0,14.07304858340649,36.0
992,10.0,0.55,2.0,80.9715695488776,125.0
993,10.0,0.55,3.0,163.73417057703773,209.0
994,10.0,0.55,4.0,5.439533947595919,52.0
995,10.0,0.55,5.0,55.012751750531606,85.0
996,10.0,0.55,6.0,144.66974540038063,131.0
997,10.0,0.55,7.0,26.74822715346818,53.0
998,10.0,0.55,8.0,15.284462167488527,32.0
999,10.0,0.55,9.0,47.180007215480146,62.0
