,corr_n_steps,noise_level,Trial,Reward,steps_taken
0,1.0,0.01,0.0,1014.9503241456642,1000.0
1,1.0,0.01,1.0,36.843798534868974,35.0
2,1.0,0.01,2.0,1021.9590258686615,1000.0
3,1.0,0.01,3.0,1010.2205388302672,1000.0
4,1.0,0.01,4.0,35.424516703587145,35.0
5,1.0,0.01,5.0,1011.2267983045132,1000.0
6,1.0,0.01,6.0,1017.9422378766388,1000.0
7,1.0,0.01,7.0,1000.6619421763723,1000.0
8,1.0,0.01,8.0,48.222648437180034,42.0
9,1.0,0.01,9.0,1003.7355767561844,1000.0
10,1.0,0.07,0.0,1006.7664665563244,1000.0
11,1.0,0.07,1.0,34.53627640509949,34.0
12,1.0,0.07,2.0,1014.6280834638754,1000.0
13,1.0,0.07,3.0,1004.2313377371967,1000.0
14,1.0,0.07,4.0,34.50845075055841,36.0
15,1.0,0.07,5.0,168.62596673662915,146.0
16,1.0,0.07,6.0,1012.3965863559204,1000.0
17,1.0,0.07,7.0,990.526786729718,1000.0
18,1.0,0.07,8.0,47.55198330594867,42.0
19,1.0,0.07,9.0,991.6535469809886,1000.0
20,1.0,0.13,0.0,992.0708685014478,1000.0
21,1.0,0.13,1.0,34.53975048794092,34.0
22,1.0,0.13,2.0,1002.5264286677534,1000.0
23,1.0,0.13,3.0,989.6204540037402,1000.0
24,1.0,0.13,4.0,34.07732860541727,36.0
25,1.0,0.13,5.0,979.1130184739391,1000.0
26,1.0,0.13,6.0,999.7063872756373,1000.0
27,1.0,0.13,7.0,979.7796607660157,1000.0
28,1.0,0.13,8.0,135.46513694945457,118.0
29,1.0,0.13,9.0,975.1748401381808,1000.0
30,1.0,0.19000000000000003,0.0,971.200146016682,1000.0
31,1.0,0.19000000000000003,1.0,34.68908772970171,35.0
32,1.0,0.19000000000000003,2.0,985.3904879315864,1000.0
33,1.0,0.19000000000000003,3.0,968.1660765673564,1000.0
34,1.0,0.19000000000000003,4.0,33.208970132072864,36.0
35,1.0,0.19000000000000003,5.0,974.3243920211985,1000.0
36,1.0,0.19000000000000003,6.0,979.5544802020346,1000.0
37,1.0,0.19000000000000003,7.0,957.6339828787744,1000.0
38,1.0,0.19000000000000003,8.0,964.1973080294136,1000.0
39,1.0,0.19000000000000003,9.0,951.5696894559997,1000.0
40,1.0,0.25,0.0,939.1077797744366,1000.0
41,1.0,0.25,1.0,33.91728674086626,35.0
42,1.0,0.25,2.0,52.433617623271125,44.0
43,1.0,0.25,3.0,936.4421167811493,1000.0
44,1.0,0.25,4.0,32.42142177530331,36.0
45,1.0,0.25,5.0,947.6797632800711,1000.0
46,1.0,0.25,6.0,942.3694437290665,1000.0
47,1.0,0.25,7.0,930.4702435300273,1000.0
48,1.0,0.25,8.0,935.4320480349545,1000.0
49,1.0,0.25,9.0,932.1146241265353,1000.0
50,1.0,0.31000000000000005,0.0,85.21188911194332,88.0
51,1.0,0.31000000000000005,1.0,34.28334587471763,36.0
52,1.0,0.31000000000000005,2.0,51.99542008394638,44.0
53,1.0,0.31000000000000005,3.0,897.7518513465666,1000.0
54,1.0,0.31000000000000005,4.0,31.824581088060224,36.0
55,1.0,0.31000000000000005,5.0,910.0729769708597,1000.0
56,1.0,0.31000000000000005,6.0,909.9122628101926,1000.0
57,1.0,0.31000000000000005,7.0,890.4924568760435,1000.0
58,1.0,0.31000000000000005,8.0,895.2958468891597,1000.0
59,1.0,0.31000000000000005,9.0,110.09712250416486,103.0
60,1.0,0.37000000000000005,0.0,88.64439116073478,90.0
61,1.0,0.37000000000000005,1.0,30.034261493859226,36.0
62,1.0,0.37000000000000005,2.0,873.1550748213378,1000.0
63,1.0,0.37000000000000005,3.0,96.70753843769639,94.0
64,1.0,0.37000000000000005,4.0,27.292183333789588,35.0
65,1.0,0.37000000000000005,5.0,870.0651308338657,1000.0
66,1.0,0.37000000000000005,6.0,129.7811797745875,118.0
67,1.0,0.37000000000000005,7.0,152.4527020474954,166.0
68,1.0,0.37000000000000005,8.0,858.4940434413483,1000.0
69,1.0,0.37000000000000005,9.0,124.98723483988135,128.0
70,1.0,0.43000000000000005,0.0,82.56381549524812,92.0
71,1.0,0.43000000000000005,1.0,28.52359050562227,32.0
72,1.0,0.43000000000000005,2.0,49.263372705563974,45.0
73,1.0,0.43000000000000005,3.0,98.94458555883756,111.0
74,1.0,0.43000000000000005,4.0,23.321676980040504,31.0
75,1.0,0.43000000000000005,5.0,15.52140291215328,16.0
76,1.0,0.43000000000000005,6.0,107.1042369003291,108.0
77,1.0,0.43000000000000005,7.0,94.00949860802649,107.0
78,1.0,0.43000000000000005,8.0,154.6875256879168,201.0
79,1.0,0.43000000000000005,9.0,101.51016269934044,104.0
80,1.0,0.49000000000000005,0.0,73.34687148028311,91.0
81,1.0,0.49000000000000005,1.0,34.354057247775195,39.0
82,1.0,0.49000000000000005,2.0,33.443634552542065,33.0
83,1.0,0.49000000000000005,3.0,105.87224677102353,130.0
84,1.0,0.49000000000000005,4.0,19.626390574076503,30.0
85,1.0,0.49000000000000005,5.0,354.49379812961143,426.0
86,1.0,0.49000000000000005,6.0,102.99229075605108,96.0
87,1.0,0.49000000000000005,7.0,95.52682681620793,112.0
88,1.0,0.49000000000000005,8.0,125.67277057230538,148.0
89,1.0,0.49000000000000005,9.0,87.07943550702473,87.0
90,1.0,0.55,0.0,72.27335720151022,91.0
91,1.0,0.55,1.0,30.68699106021814,38.0
92,1.0,0.55,2.0,31.75289119091903,32.0
93,1.0,0.55,3.0,54.886570796328314,79.0
94,1.0,0.55,4.0,19.7086177025878,30.0
95,1.0,0.55,5.0,14.972854893239855,15.0
96,1.0,0.55,6.0,119.55433688483605,142.0
97,1.0,0.55,7.0,70.41176328804431,93.0
98,1.0,0.55,8.0,142.41973649779683,183.0
99,1.0,0.55,9.0,88.01225551142123,89.0
100,2.0,0.01,0.0,1014.991530507834,1000.0
101,2.0,0.01,1.0,36.843798534868974,35.0
102,2.0,0.01,2.0,1021.9590258686615,1000.0
103,2.0,0.01,3.0,1010.2205388302672,1000.0
104,2.0,0.01,4.0,35.424516703587145,35.0
105,2.0,0.01,5.0,1011.2267983045132,1000.0
106,2.0,0.01,6.0,1017.9422378766388,1000.0
107,2.0,0.01,7.0,1000.6619421763723,1000.0
108,2.0,0.01,8.0,48.222648437180034,42.0
109,2.0,0.01,9.0,1003.7355767561844,1000.0
110,2.0,0.07,0.0,1006.7664665563244,1000.0
111,2.0,0.07,1.0,34.53627640509949,34.0
112,2.0,0.07,2.0,1014.6280834638754,1000.0
113,2.0,0.07,3.0,1004.2313377371967,1000.0
114,2.0,0.07,4.0,34.50845075055841,36.0
115,2.0,0.07,5.0,168.62596673662915,146.0
116,2.0,0.07,6.0,1012.3965863559204,1000.0
117,2.0,0.07,7.0,990.526786729718,1000.0
118,2.0,0.07,8.0,47.55198330594867,42.0
119,2.0,0.07,9.0,991.6535469809886,1000.0
120,2.0,0.13,0.0,992.0708685014478,1000.0
121,2.0,0.13,1.0,34.53975048794092,34.0
122,2.0,0.13,2.0,1002.5264286677534,1000.0
123,2.0,0.13,3.0,989.6204540037402,1000.0
124,2.0,0.13,4.0,34.07732860541727,36.0
125,2.0,0.13,5.0,979.1130184739391,1000.0
126,2.0,0.13,6.0,999.7063872756373,1000.0
127,2.0,0.13,7.0,979.7796607660157,1000.0
128,2.0,0.13,8.0,135.46513694945457,118.0
129,2.0,0.13,9.0,975.1748401381808,1000.0
130,2.0,0.19000000000000003,0.0,971.200146016682,1000.0
131,2.0,0.19000000000000003,1.0,34.68908772970171,35.0
132,2.0,0.19000000000000003,2.0,985.3904879315864,1000.0
133,2.0,0.19000000000000003,3.0,968.1660765673564,1000.0
134,2.0,0.19000000000000003,4.0,33.208970132072864,36.0
135,2.0,0.19000000000000003,5.0,974.3243920211985,1000.0
136,2.0,0.19000000000000003,6.0,979.5544802020346,1000.0
137,2.0,0.19000000000000003,7.0,957.6339828787744,1000.0
138,2.0,0.19000000000000003,8.0,964.1973080294136,1000.0
139,2.0,0.19000000000000003,9.0,951.5696894559997,1000.0
140,2.0,0.25,0.0,939.1077797744366,1000.0
141,2.0,0.25,1.0,33.91728674086626,35.0
142,2.0,0.25,2.0,52.433617623271125,44.0
143,2.0,0.25,3.0,936.4421167811493,1000.0
144,2.0,0.25,4.0,32.42142177530331,36.0
145,2.0,0.25,5.0,947.6797632800711,1000.0
146,2.0,0.25,6.0,942.3694437290665,1000.0
147,2.0,0.25,7.0,930.4702435300273,1000.0
148,2.0,0.25,8.0,935.4320480349545,1000.0
149,2.0,0.25,9.0,932.1146241265353,1000.0
150,2.0,0.31000000000000005,0.0,85.21188911194332,88.0
151,2.0,0.31000000000000005,1.0,34.28334587471763,36.0
152,2.0,0.31000000000000005,2.0,51.99542008394638,44.0
153,2.0,0.31000000000000005,3.0,897.7518513465666,1000.0
154,2.0,0.31000000000000005,4.0,31.824581088060224,36.0
155,2.0,0.31000000000000005,5.0,910.0729769708597,1000.0
156,2.0,0.31000000000000005,6.0,909.9122628101926,1000.0
157,2.0,0.31000000000000005,7.0,890.4924568760435,1000.0
158,2.0,0.31000000000000005,8.0,895.2958468891597,1000.0
159,2.0,0.31000000000000005,9.0,110.09712250416486,103.0
160,2.0,0.37000000000000005,0.0,88.64439116073478,90.0
161,2.0,0.37000000000000005,1.0,30.034261493859226,36.0
162,2.0,0.37000000000000005,2.0,873.1550748213378,1000.0
163,2.0,0.37000000000000005,3.0,96.70753843769639,94.0
164,2.0,0.37000000000000005,4.0,27.292183333789588,35.0
165,2.0,0.37000000000000005,5.0,870.0651308338657,1000.0
166,2.0,0.37000000000000005,6.0,129.7811797745875,118.0
167,2.0,0.37000000000000005,7.0,152.4527020474954,166.0
168,2.0,0.37000000000000005,8.0,858.4940434413483,1000.0
169,2.0,0.37000000000000005,9.0,124.98723483988135,128.0
170,2.0,0.43000000000000005,0.0,82.56381549524812,92.0
171,2.0,0.43000000000000005,1.0,28.52359050562227,32.0
172,2.0,0.43000000000000005,2.0,49.263372705563974,45.0
173,2.0,0.43000000000000005,3.0,98.94458555883756,111.0
174,2.0,0.43000000000000005,4.0,23.321676980040504,31.0
175,2.0,0.43000000000000005,5.0,15.52140291215328,16.0
176,2.0,0.43000000000000005,6.0,107.1042369003291,108.0
177,2.0,0.43000000000000005,7.0,94.00949860802649,107.0
178,2.0,0.43000000000000005,8.0,154.6875256879168,201.0
179,2.0,0.43000000000000005,9.0,101.51016269934044,104.0
180,2.0,0.49000000000000005,0.0,73.34687148028311,91.0
181,2.0,0.49000000000000005,1.0,34.354057247775195,39.0
182,2.0,0.49000000000000005,2.0,33.443634552542065,33.0
183,2.0,0.49000000000000005,3.0,105.87224677102353,130.0
184,2.0,0.49000000000000005,4.0,19.626390574076503,30.0
185,2.0,0.49000000000000005,5.0,354.49379812961143,426.0
186,2.0,0.49000000000000005,6.0,102.99229075605108,96.0
187,2.0,0.49000000000000005,7.0,95.52682681620793,112.0
188,2.0,0.49000000000000005,8.0,125.67277057230538,148.0
189,2.0,0.49000000000000005,9.0,87.07943550702473,87.0
190,2.0,0.55,0.0,72.27335720151022,91.0
191,2.0,0.55,1.0,30.68699106021814,38.0
192,2.0,0.55,2.0,31.75289119091903,32.0
193,2.0,0.55,3.0,54.886570796328314,79.0
194,2.0,0.55,4.0,19.7086177025878,30.0
195,2.0,0.55,5.0,14.972854893239855,15.0
196,2.0,0.55,6.0,119.55433688483605,142.0
197,2.0,0.55,7.0,70.41176328804431,93.0
198,2.0,0.55,8.0,142.41973649779683,183.0
199,2.0,0.55,9.0,88.01225551142123,89.0
200,3.0,0.01,0.0,1014.991530507834,1000.0
201,3.0,0.01,1.0,36.843798534868974,35.0
202,3.0,0.01,2.0,1021.9590258686615,1000.0
203,3.0,0.01,3.0,1010.2205388302672,1000.0
204,3.0,0.01,4.0,35.424516703587145,35.0
205,3.0,0.01,5.0,1011.2267983045132,1000.0
206,3.0,0.01,6.0,1017.9422378766388,1000.0
207,3.0,0.01,7.0,1000.6619421763723,1000.0
208,3.0,0.01,8.0,48.222648437180034,42.0
209,3.0,0.01,9.0,1003.7355767561844,1000.0
210,3.0,0.07,0.0,1006.7664665563244,1000.0
211,3.0,0.07,1.0,34.53627640509949,34.0
212,3.0,0.07,2.0,1014.6280834638754,1000.0
213,3.0,0.07,3.0,1004.2313377371967,1000.0
214,3.0,0.07,4.0,34.50845075055841,36.0
215,3.0,0.07,5.0,168.62596673662915,146.0
216,3.0,0.07,6.0,1012.3965863559204,1000.0
217,3.0,0.07,7.0,990.526786729718,1000.0
218,3.0,0.07,8.0,47.55198330594867,42.0
219,3.0,0.07,9.0,991.6535469809886,1000.0
220,3.0,0.13,0.0,992.0708685014478,1000.0
221,3.0,0.13,1.0,34.53975048794092,34.0
222,3.0,0.13,2.0,1002.5264286677534,1000.0
223,3.0,0.13,3.0,989.6204540037402,1000.0
224,3.0,0.13,4.0,34.07732860541727,36.0
225,3.0,0.13,5.0,979.1130184739391,1000.0
226,3.0,0.13,6.0,999.7063872756373,1000.0
227,3.0,0.13,7.0,979.7796607660157,1000.0
228,3.0,0.13,8.0,135.46513694945457,118.0
229,3.0,0.13,9.0,975.1748401381808,1000.0
230,3.0,0.19000000000000003,0.0,971.200146016682,1000.0
231,3.0,0.19000000000000003,1.0,34.68908772970171,35.0
232,3.0,0.19000000000000003,2.0,985.3904879315864,1000.0
233,3.0,0.19000000000000003,3.0,968.1660765673564,1000.0
234,3.0,0.19000000000000003,4.0,33.208970132072864,36.0
235,3.0,0.19000000000000003,5.0,974.3243920211985,1000.0
236,3.0,0.19000000000000003,6.0,979.5544802020346,1000.0
237,3.0,0.19000000000000003,7.0,957.6339828787744,1000.0
238,3.0,0.19000000000000003,8.0,964.1973080294136,1000.0
239,3.0,0.19000000000000003,9.0,951.5696894559997,1000.0
240,3.0,0.25,0.0,939.1077797744366,1000.0
241,3.0,0.25,1.0,33.91728674086626,35.0
242,3.0,0.25,2.0,52.433617623271125,44.0
243,3.0,0.25,3.0,936.4421167811493,1000.0
244,3.0,0.25,4.0,32.42142177530331,36.0
245,3.0,0.25,5.0,947.6797632800711,1000.0
246,3.0,0.25,6.0,942.3694437290665,1000.0
247,3.0,0.25,7.0,930.4702435300273,1000.0
248,3.0,0.25,8.0,935.4320480349545,1000.0
249,3.0,0.25,9.0,932.1146241265353,1000.0
250,3.0,0.31000000000000005,0.0,85.21188911194332,88.0
251,3.0,0.31000000000000005,1.0,34.28334587471763,36.0
252,3.0,0.31000000000000005,2.0,51.99542008394638,44.0
253,3.0,0.31000000000000005,3.0,897.7518513465666,1000.0
254,3.0,0.31000000000000005,4.0,31.824581088060224,36.0
255,3.0,0.31000000000000005,5.0,910.0729769708597,1000.0
256,3.0,0.31000000000000005,6.0,909.9122628101926,1000.0
257,3.0,0.31000000000000005,7.0,890.4924568760435,1000.0
258,3.0,0.31000000000000005,8.0,895.2958468891597,1000.0
259,3.0,0.31000000000000005,9.0,110.09712250416486,103.0
260,3.0,0.37000000000000005,0.0,88.64439116073478,90.0
261,3.0,0.37000000000000005,1.0,30.034261493859226,36.0
262,3.0,0.37000000000000005,2.0,873.1550748213378,1000.0
263,3.0,0.37000000000000005,3.0,96.70753843769639,94.0
264,3.0,0.37000000000000005,4.0,27.292183333789588,35.0
265,3.0,0.37000000000000005,5.0,870.0651308338657,1000.0
266,3.0,0.37000000000000005,6.0,129.7811797745875,118.0
267,3.0,0.37000000000000005,7.0,152.4527020474954,166.0
268,3.0,0.37000000000000005,8.0,858.4940434413483,1000.0
269,3.0,0.37000000000000005,9.0,124.98723483988135,128.0
270,3.0,0.43000000000000005,0.0,82.56381549524812,92.0
271,3.0,0.43000000000000005,1.0,28.52359050562227,32.0
272,3.0,0.43000000000000005,2.0,49.263372705563974,45.0
273,3.0,0.43000000000000005,3.0,98.94458555883756,111.0
274,3.0,0.43000000000000005,4.0,23.321676980040504,31.0
275,3.0,0.43000000000000005,5.0,15.52140291215328,16.0
276,3.0,0.43000000000000005,6.0,107.1042369003291,108.0
277,3.0,0.43000000000000005,7.0,94.00949860802649,107.0
278,3.0,0.43000000000000005,8.0,154.6875256879168,201.0
279,3.0,0.43000000000000005,9.0,101.51016269934044,104.0
280,3.0,0.49000000000000005,0.0,73.34687148028311,91.0
281,3.0,0.49000000000000005,1.0,34.354057247775195,39.0
282,3.0,0.49000000000000005,2.0,33.443634552542065,33.0
283,3.0,0.49000000000000005,3.0,105.87224677102353,130.0
284,3.0,0.49000000000000005,4.0,19.626390574076503,30.0
285,3.0,0.49000000000000005,5.0,354.49379812961143,426.0
286,3.0,0.49000000000000005,6.0,102.99229075605108,96.0
287,3.0,0.49000000000000005,7.0,95.52682681620793,112.0
288,3.0,0.49000000000000005,8.0,125.67277057230538,148.0
289,3.0,0.49000000000000005,9.0,87.07943550702473,87.0
290,3.0,0.55,0.0,72.27335720151022,91.0
291,3.0,0.55,1.0,30.68699106021814,38.0
292,3.0,0.55,2.0,31.75289119091903,32.0
293,3.0,0.55,3.0,54.886570796328314,79.0
294,3.0,0.55,4.0,19.7086177025878,30.0
295,3.0,0.55,5.0,14.972854893239855,15.0
296,3.0,0.55,6.0,119.55433688483605,142.0
297,3.0,0.55,7.0,70.41176328804431,93.0
298,3.0,0.55,8.0,142.41973649779683,183.0
299,3.0,0.55,9.0,88.01225551142123,89.0
300,4.0,0.01,0.0,1014.991530507834,1000.0
301,4.0,0.01,1.0,36.843798534868974,35.0
302,4.0,0.01,2.0,1021.9590258686615,1000.0
303,4.0,0.01,3.0,1010.2205388302672,1000.0
304,4.0,0.01,4.0,35.424516703587145,35.0
305,4.0,0.01,5.0,1011.2267983045132,1000.0
306,4.0,0.01,6.0,1017.9422378766388,1000.0
307,4.0,0.01,7.0,1000.6619421763723,1000.0
308,4.0,0.01,8.0,48.222648437180034,42.0
309,4.0,0.01,9.0,1003.7355767561844,1000.0
310,4.0,0.07,0.0,1006.7664665563244,1000.0
311,4.0,0.07,1.0,34.53627640509949,34.0
312,4.0,0.07,2.0,1014.6280834638754,1000.0
313,4.0,0.07,3.0,1004.2313377371967,1000.0
314,4.0,0.07,4.0,34.50845075055841,36.0
315,4.0,0.07,5.0,168.62596673662915,146.0
316,4.0,0.07,6.0,1012.3965863559204,1000.0
317,4.0,0.07,7.0,990.526786729718,1000.0
318,4.0,0.07,8.0,47.55198330594867,42.0
319,4.0,0.07,9.0,991.6535469809886,1000.0
320,4.0,0.13,0.0,992.0708685014478,1000.0
321,4.0,0.13,1.0,34.53975048794092,34.0
322,4.0,0.13,2.0,1002.5264286677534,1000.0
323,4.0,0.13,3.0,989.6204540037402,1000.0
324,4.0,0.13,4.0,34.07732860541727,36.0
325,4.0,0.13,5.0,979.1130184739391,1000.0
326,4.0,0.13,6.0,999.7063872756373,1000.0
327,4.0,0.13,7.0,979.7796607660157,1000.0
328,4.0,0.13,8.0,135.46513694945457,118.0
329,4.0,0.13,9.0,975.1748401381808,1000.0
330,4.0,0.19000000000000003,0.0,971.200146016682,1000.0
331,4.0,0.19000000000000003,1.0,34.68908772970171,35.0
332,4.0,0.19000000000000003,2.0,985.3904879315864,1000.0
333,4.0,0.19000000000000003,3.0,968.1660765673564,1000.0
334,4.0,0.19000000000000003,4.0,33.208970132072864,36.0
335,4.0,0.19000000000000003,5.0,974.3243920211985,1000.0
336,4.0,0.19000000000000003,6.0,979.5544802020346,1000.0
337,4.0,0.19000000000000003,7.0,957.6339828787744,1000.0
338,4.0,0.19000000000000003,8.0,964.1973080294136,1000.0
339,4.0,0.19000000000000003,9.0,951.5696894559997,1000.0
340,4.0,0.25,0.0,939.1077797744366,1000.0
341,4.0,0.25,1.0,33.91728674086626,35.0
342,4.0,0.25,2.0,52.433617623271125,44.0
343,4.0,0.25,3.0,936.4421167811493,1000.0
344,4.0,0.25,4.0,32.42142177530331,36.0
345,4.0,0.25,5.0,947.6797632800711,1000.0
346,4.0,0.25,6.0,942.3694437290665,1000.0
347,4.0,0.25,7.0,930.4702435300273,1000.0
348,4.0,0.25,8.0,935.4320480349545,1000.0
349,4.0,0.25,9.0,932.1146241265353,1000.0
350,4.0,0.31000000000000005,0.0,85.21188911194332,88.0
351,4.0,0.31000000000000005,1.0,34.28334587471763,36.0
352,4.0,0.31000000000000005,2.0,51.99542008394638,44.0
353,4.0,0.31000000000000005,3.0,897.7518513465666,1000.0
354,4.0,0.31000000000000005,4.0,31.824581088060224,36.0
355,4.0,0.31000000000000005,5.0,910.0729769708597,1000.0
356,4.0,0.31000000000000005,6.0,909.9122628101926,1000.0
357,4.0,0.31000000000000005,7.0,890.4924568760435,1000.0
358,4.0,0.31000000000000005,8.0,895.2958468891597,1000.0
359,4.0,0.31000000000000005,9.0,110.09712250416486,103.0
360,4.0,0.37000000000000005,0.0,88.64439116073478,90.0
361,4.0,0.37000000000000005,1.0,30.034261493859226,36.0
362,4.0,0.37000000000000005,2.0,873.1550748213378,1000.0
363,4.0,0.37000000000000005,3.0,96.70753843769639,94.0
364,4.0,0.37000000000000005,4.0,27.292183333789588,35.0
365,4.0,0.37000000000000005,5.0,870.0651308338657,1000.0
366,4.0,0.37000000000000005,6.0,129.7811797745875,118.0
367,4.0,0.37000000000000005,7.0,152.4527020474954,166.0
368,4.0,0.37000000000000005,8.0,858.4940434413483,1000.0
369,4.0,0.37000000000000005,9.0,124.98723483988135,128.0
370,4.0,0.43000000000000005,0.0,82.56381549524812,92.0
371,4.0,0.43000000000000005,1.0,28.52359050562227,32.0
372,4.0,0.43000000000000005,2.0,49.263372705563974,45.0
373,4.0,0.43000000000000005,3.0,98.94458555883756,111.0
374,4.0,0.43000000000000005,4.0,23.321676980040504,31.0
375,4.0,0.43000000000000005,5.0,15.52140291215328,16.0
376,4.0,0.43000000000000005,6.0,107.1042369003291,108.0
377,4.0,0.43000000000000005,7.0,94.00949860802649,107.0
378,4.0,0.43000000000000005,8.0,154.6875256879168,201.0
379,4.0,0.43000000000000005,9.0,101.51016269934044,104.0
380,4.0,0.49000000000000005,0.0,73.34687148028311,91.0
381,4.0,0.49000000000000005,1.0,34.354057247775195,39.0
382,4.0,0.49000000000000005,2.0,33.443634552542065,33.0
383,4.0,0.49000000000000005,3.0,105.87224677102353,130.0
384,4.0,0.49000000000000005,4.0,19.626390574076503,30.0
385,4.0,0.49000000000000005,5.0,354.49379812961143,426.0
386,4.0,0.49000000000000005,6.0,102.99229075605108,96.0
387,4.0,0.49000000000000005,7.0,95.52682681620793,112.0
388,4.0,0.49000000000000005,8.0,125.67277057230538,148.0
389,4.0,0.49000000000000005,9.0,87.07943550702473,87.0
390,4.0,0.55,0.0,72.27335720151022,91.0
391,4.0,0.55,1.0,30.68699106021814,38.0
392,4.0,0.55,2.0,31.75289119091903,32.0
393,4.0,0.55,3.0,54.886570796328314,79.0
394,4.0,0.55,4.0,19.7086177025878,30.0
395,4.0,0.55,5.0,14.972854893239855,15.0
396,4.0,0.55,6.0,119.55433688483605,142.0
397,4.0,0.55,7.0,70.41176328804431,93.0
398,4.0,0.55,8.0,142.41973649779683,183.0
399,4.0,0.55,9.0,88.01225551142123,89.0
400,5.0,0.01,0.0,1014.991530507834,1000.0
401,5.0,0.01,1.0,36.843798534868974,35.0
402,5.0,0.01,2.0,1021.9590258686615,1000.0
403,5.0,0.01,3.0,1010.2205388302672,1000.0
404,5.0,0.01,4.0,35.424516703587145,35.0
405,5.0,0.01,5.0,1011.2267983045132,1000.0
406,5.0,0.01,6.0,1017.9422378766388,1000.0
407,5.0,0.01,7.0,1000.6619421763723,1000.0
408,5.0,0.01,8.0,48.222648437180034,42.0
409,5.0,0.01,9.0,1003.7355767561844,1000.0
410,5.0,0.07,0.0,1006.7664665563244,1000.0
411,5.0,0.07,1.0,34.53627640509949,34.0
412,5.0,0.07,2.0,1014.6280834638754,1000.0
413,5.0,0.07,3.0,1004.2313377371967,1000.0
414,5.0,0.07,4.0,34.50845075055841,36.0
415,5.0,0.07,5.0,168.62596673662915,146.0
416,5.0,0.07,6.0,1012.3965863559204,1000.0
417,5.0,0.07,7.0,990.526786729718,1000.0
418,5.0,0.07,8.0,47.55198330594867,42.0
419,5.0,0.07,9.0,991.6535469809886,1000.0
420,5.0,0.13,0.0,992.0708685014478,1000.0
421,5.0,0.13,1.0,34.53975048794092,34.0
422,5.0,0.13,2.0,1002.5264286677534,1000.0
423,5.0,0.13,3.0,989.6204540037402,1000.0
424,5.0,0.13,4.0,34.07732860541727,36.0
425,5.0,0.13,5.0,979.1130184739391,1000.0
426,5.0,0.13,6.0,999.7063872756373,1000.0
427,5.0,0.13,7.0,979.7796607660157,1000.0
428,5.0,0.13,8.0,135.46513694945457,118.0
429,5.0,0.13,9.0,975.1748401381808,1000.0
430,5.0,0.19000000000000003,0.0,971.200146016682,1000.0
431,5.0,0.19000000000000003,1.0,34.68908772970171,35.0
432,5.0,0.19000000000000003,2.0,985.3904879315864,1000.0
433,5.0,0.19000000000000003,3.0,968.1660765673564,1000.0
434,5.0,0.19000000000000003,4.0,33.208970132072864,36.0
435,5.0,0.19000000000000003,5.0,974.3243920211985,1000.0
436,5.0,0.19000000000000003,6.0,979.5544802020346,1000.0
437,5.0,0.19000000000000003,7.0,957.6339828787744,1000.0
438,5.0,0.19000000000000003,8.0,964.1973080294136,1000.0
439,5.0,0.19000000000000003,9.0,951.5696894559997,1000.0
440,5.0,0.25,0.0,939.1077797744366,1000.0
441,5.0,0.25,1.0,33.91728674086626,35.0
442,5.0,0.25,2.0,52.433617623271125,44.0
443,5.0,0.25,3.0,936.4421167811493,1000.0
444,5.0,0.25,4.0,32.42142177530331,36.0
445,5.0,0.25,5.0,947.6797632800711,1000.0
446,5.0,0.25,6.0,942.3694437290665,1000.0
447,5.0,0.25,7.0,930.4702435300273,1000.0
448,5.0,0.25,8.0,935.4320480349545,1000.0
449,5.0,0.25,9.0,932.1146241265353,1000.0
450,5.0,0.31000000000000005,0.0,85.21188911194332,88.0
451,5.0,0.31000000000000005,1.0,34.28334587471763,36.0
452,5.0,0.31000000000000005,2.0,51.99542008394638,44.0
453,5.0,0.31000000000000005,3.0,897.7518513465666,1000.0
454,5.0,0.31000000000000005,4.0,31.824581088060224,36.0
455,5.0,0.31000000000000005,5.0,910.0729769708597,1000.0
456,5.0,0.31000000000000005,6.0,909.9122628101926,1000.0
457,5.0,0.31000000000000005,7.0,890.4924568760435,1000.0
458,5.0,0.31000000000000005,8.0,895.2958468891597,1000.0
459,5.0,0.31000000000000005,9.0,110.09712250416486,103.0
460,5.0,0.37000000000000005,0.0,88.64439116073478,90.0
461,5.0,0.37000000000000005,1.0,30.034261493859226,36.0
462,5.0,0.37000000000000005,2.0,873.1550748213378,1000.0
463,5.0,0.37000000000000005,3.0,96.70753843769639,94.0
464,5.0,0.37000000000000005,4.0,27.292183333789588,35.0
465,5.0,0.37000000000000005,5.0,870.0651308338657,1000.0
466,5.0,0.37000000000000005,6.0,129.7811797745875,118.0
467,5.0,0.37000000000000005,7.0,152.4527020474954,166.0
468,5.0,0.37000000000000005,8.0,858.4940434413483,1000.0
469,5.0,0.37000000000000005,9.0,124.98723483988135,128.0
470,5.0,0.43000000000000005,0.0,82.56381549524812,92.0
471,5.0,0.43000000000000005,1.0,28.52359050562227,32.0
472,5.0,0.43000000000000005,2.0,49.263372705563974,45.0
473,5.0,0.43000000000000005,3.0,98.94458555883756,111.0
474,5.0,0.43000000000000005,4.0,23.321676980040504,31.0
475,5.0,0.43000000000000005,5.0,15.52140291215328,16.0
476,5.0,0.43000000000000005,6.0,107.1042369003291,108.0
477,5.0,0.43000000000000005,7.0,94.00949860802649,107.0
478,5.0,0.43000000000000005,8.0,154.6875256879168,201.0
479,5.0,0.43000000000000005,9.0,101.51016269934044,104.0
480,5.0,0.49000000000000005,0.0,73.34687148028311,91.0
481,5.0,0.49000000000000005,1.0,34.354057247775195,39.0
482,5.0,0.49000000000000005,2.0,33.443634552542065,33.0
483,5.0,0.49000000000000005,3.0,105.87224677102353,130.0
484,5.0,0.49000000000000005,4.0,19.626390574076503,30.0
485,5.0,0.49000000000000005,5.0,354.49379812961143,426.0
486,5.0,0.49000000000000005,6.0,102.99229075605108,96.0
487,5.0,0.49000000000000005,7.0,95.52682681620793,112.0
488,5.0,0.49000000000000005,8.0,125.67277057230538,148.0
489,5.0,0.49000000000000005,9.0,87.07943550702473,87.0
490,5.0,0.55,0.0,72.27335720151022,91.0
491,5.0,0.55,1.0,30.68699106021814,38.0
492,5.0,0.55,2.0,31.75289119091903,32.0
493,5.0,0.55,3.0,54.886570796328314,79.0
494,5.0,0.55,4.0,19.7086177025878,30.0
495,5.0,0.55,5.0,14.972854893239855,15.0
496,5.0,0.55,6.0,119.55433688483605,142.0
497,5.0,0.55,7.0,70.41176328804431,93.0
498,5.0,0.55,8.0,142.41973649779683,183.0
499,5.0,0.55,9.0,88.01225551142123,89.0
500,6.0,0.01,0.0,1014.991530507834,1000.0
501,6.0,0.01,1.0,36.843798534868974,35.0
502,6.0,0.01,2.0,1021.9590258686615,1000.0
503,6.0,0.01,3.0,1010.2205388302672,1000.0
504,6.0,0.01,4.0,35.424516703587145,35.0
505,6.0,0.01,5.0,1011.2267983045132,1000.0
506,6.0,0.01,6.0,1017.9422378766388,1000.0
507,6.0,0.01,7.0,1000.6619421763723,1000.0
508,6.0,0.01,8.0,48.222648437180034,42.0
509,6.0,0.01,9.0,1003.7355767561844,1000.0
510,6.0,0.07,0.0,1006.7664665563244,1000.0
511,6.0,0.07,1.0,34.53627640509949,34.0
512,6.0,0.07,2.0,1014.6280834638754,1000.0
513,6.0,0.07,3.0,1004.2313377371967,1000.0
514,6.0,0.07,4.0,34.50845075055841,36.0
515,6.0,0.07,5.0,168.62596673662915,146.0
516,6.0,0.07,6.0,1012.3965863559204,1000.0
517,6.0,0.07,7.0,990.526786729718,1000.0
518,6.0,0.07,8.0,47.55198330594867,42.0
519,6.0,0.07,9.0,991.6535469809886,1000.0
520,6.0,0.13,0.0,992.0708685014478,1000.0
521,6.0,0.13,1.0,34.53975048794092,34.0
522,6.0,0.13,2.0,1002.5264286677534,1000.0
523,6.0,0.13,3.0,989.6204540037402,1000.0
524,6.0,0.13,4.0,34.07732860541727,36.0
525,6.0,0.13,5.0,979.1130184739391,1000.0
526,6.0,0.13,6.0,999.7063872756373,1000.0
527,6.0,0.13,7.0,979.7796607660157,1000.0
528,6.0,0.13,8.0,135.46513694945457,118.0
529,6.0,0.13,9.0,975.1748401381808,1000.0
530,6.0,0.19000000000000003,0.0,971.200146016682,1000.0
531,6.0,0.19000000000000003,1.0,34.68908772970171,35.0
532,6.0,0.19000000000000003,2.0,985.3904879315864,1000.0
533,6.0,0.19000000000000003,3.0,968.1660765673564,1000.0
534,6.0,0.19000000000000003,4.0,33.208970132072864,36.0
535,6.0,0.19000000000000003,5.0,974.3243920211985,1000.0
536,6.0,0.19000000000000003,6.0,979.5544802020346,1000.0
537,6.0,0.19000000000000003,7.0,957.6339828787744,1000.0
538,6.0,0.19000000000000003,8.0,964.1973080294136,1000.0
539,6.0,0.19000000000000003,9.0,951.5696894559997,1000.0
540,6.0,0.25,0.0,939.1077797744366,1000.0
541,6.0,0.25,1.0,33.91728674086626,35.0
542,6.0,0.25,2.0,52.433617623271125,44.0
543,6.0,0.25,3.0,936.4421167811493,1000.0
544,6.0,0.25,4.0,32.42142177530331,36.0
545,6.0,0.25,5.0,947.6797632800711,1000.0
546,6.0,0.25,6.0,942.3694437290665,1000.0
547,6.0,0.25,7.0,930.4702435300273,1000.0
548,6.0,0.25,8.0,935.4320480349545,1000.0
549,6.0,0.25,9.0,932.1146241265353,1000.0
550,6.0,0.31000000000000005,0.0,85.21188911194332,88.0
551,6.0,0.31000000000000005,1.0,34.28334587471763,36.0
552,6.0,0.31000000000000005,2.0,51.99542008394638,44.0
553,6.0,0.31000000000000005,3.0,897.7518513465666,1000.0
554,6.0,0.31000000000000005,4.0,31.824581088060224,36.0
555,6.0,0.31000000000000005,5.0,910.0729769708597,1000.0
556,6.0,0.31000000000000005,6.0,909.9122628101926,1000.0
557,6.0,0.31000000000000005,7.0,890.4924568760435,1000.0
558,6.0,0.31000000000000005,8.0,895.2958468891597,1000.0
559,6.0,0.31000000000000005,9.0,110.09712250416486,103.0
560,6.0,0.37000000000000005,0.0,88.64439116073478,90.0
561,6.0,0.37000000000000005,1.0,30.034261493859226,36.0
562,6.0,0.37000000000000005,2.0,873.1550748213378,1000.0
563,6.0,0.37000000000000005,3.0,96.70753843769639,94.0
564,6.0,0.37000000000000005,4.0,27.292183333789588,35.0
565,6.0,0.37000000000000005,5.0,870.0651308338657,1000.0
566,6.0,0.37000000000000005,6.0,129.7811797745875,118.0
567,6.0,0.37000000000000005,7.0,152.4527020474954,166.0
568,6.0,0.37000000000000005,8.0,858.4940434413483,1000.0
569,6.0,0.37000000000000005,9.0,124.98723483988135,128.0
570,6.0,0.43000000000000005,0.0,82.56381549524812,92.0
571,6.0,0.43000000000000005,1.0,28.52359050562227,32.0
572,6.0,0.43000000000000005,2.0,49.263372705563974,45.0
573,6.0,0.43000000000000005,3.0,98.94458555883756,111.0
574,6.0,0.43000000000000005,4.0,23.321676980040504,31.0
575,6.0,0.43000000000000005,5.0,15.52140291215328,16.0
576,6.0,0.43000000000000005,6.0,107.1042369003291,108.0
577,6.0,0.43000000000000005,7.0,94.00949860802649,107.0
578,6.0,0.43000000000000005,8.0,154.6875256879168,201.0
579,6.0,0.43000000000000005,9.0,101.51016269934044,104.0
580,6.0,0.49000000000000005,0.0,73.34687148028311,91.0
581,6.0,0.49000000000000005,1.0,34.354057247775195,39.0
582,6.0,0.49000000000000005,2.0,33.443634552542065,33.0
583,6.0,0.49000000000000005,3.0,105.87224677102353,130.0
584,6.0,0.49000000000000005,4.0,19.626390574076503,30.0
585,6.0,0.49000000000000005,5.0,354.49379812961143,426.0
586,6.0,0.49000000000000005,6.0,102.99229075605108,96.0
587,6.0,0.49000000000000005,7.0,95.52682681620793,112.0
588,6.0,0.49000000000000005,8.0,125.67277057230538,148.0
589,6.0,0.49000000000000005,9.0,87.07943550702473,87.0
590,6.0,0.55,0.0,72.27335720151022,91.0
591,6.0,0.55,1.0,30.68699106021814,38.0
592,6.0,0.55,2.0,31.75289119091903,32.0
593,6.0,0.55,3.0,54.886570796328314,79.0
594,6.0,0.55,4.0,19.7086177025878,30.0
595,6.0,0.55,5.0,14.972854893239855,15.0
596,6.0,0.55,6.0,119.55433688483605,142.0
597,6.0,0.55,7.0,70.41176328804431,93.0
598,6.0,0.55,8.0,142.41973649779683,183.0
599,6.0,0.55,9.0,88.01225551142123,89.0
600,7.0,0.01,0.0,1014.991530507834,1000.0
601,7.0,0.01,1.0,36.843798534868974,35.0
602,7.0,0.01,2.0,1021.9590258686615,1000.0
603,7.0,0.01,3.0,1010.2205388302672,1000.0
604,7.0,0.01,4.0,35.424516703587145,35.0
605,7.0,0.01,5.0,1011.2267983045132,1000.0
606,7.0,0.01,6.0,1017.9422378766388,1000.0
607,7.0,0.01,7.0,1000.6619421763723,1000.0
608,7.0,0.01,8.0,48.222648437180034,42.0
609,7.0,0.01,9.0,1003.7355767561844,1000.0
610,7.0,0.07,0.0,1006.7664665563244,1000.0
611,7.0,0.07,1.0,34.53627640509949,34.0
612,7.0,0.07,2.0,1014.6280834638754,1000.0
613,7.0,0.07,3.0,1004.2313377371967,1000.0
614,7.0,0.07,4.0,34.50845075055841,36.0
615,7.0,0.07,5.0,168.62596673662915,146.0
616,7.0,0.07,6.0,1012.3965863559204,1000.0
617,7.0,0.07,7.0,990.526786729718,1000.0
618,7.0,0.07,8.0,47.55198330594867,42.0
619,7.0,0.07,9.0,991.6535469809886,1000.0
620,7.0,0.13,0.0,992.0708685014478,1000.0
621,7.0,0.13,1.0,34.53975048794092,34.0
622,7.0,0.13,2.0,1002.5264286677534,1000.0
623,7.0,0.13,3.0,989.6204540037402,1000.0
624,7.0,0.13,4.0,34.07732860541727,36.0
625,7.0,0.13,5.0,979.1130184739391,1000.0
626,7.0,0.13,6.0,999.7063872756373,1000.0
627,7.0,0.13,7.0,979.7796607660157,1000.0
628,7.0,0.13,8.0,135.46513694945457,118.0
629,7.0,0.13,9.0,975.1748401381808,1000.0
630,7.0,0.19000000000000003,0.0,971.200146016682,1000.0
631,7.0,0.19000000000000003,1.0,34.68908772970171,35.0
632,7.0,0.19000000000000003,2.0,985.3904879315864,1000.0
633,7.0,0.19000000000000003,3.0,968.1660765673564,1000.0
634,7.0,0.19000000000000003,4.0,33.208970132072864,36.0
635,7.0,0.19000000000000003,5.0,974.3243920211985,1000.0
636,7.0,0.19000000000000003,6.0,979.5544802020346,1000.0
637,7.0,0.19000000000000003,7.0,957.6339828787744,1000.0
638,7.0,0.19000000000000003,8.0,964.1973080294136,1000.0
639,7.0,0.19000000000000003,9.0,951.5696894559997,1000.0
640,7.0,0.25,0.0,939.1077797744366,1000.0
641,7.0,0.25,1.0,33.91728674086626,35.0
642,7.0,0.25,2.0,52.433617623271125,44.0
643,7.0,0.25,3.0,936.4421167811493,1000.0
644,7.0,0.25,4.0,32.42142177530331,36.0
645,7.0,0.25,5.0,947.6797632800711,1000.0
646,7.0,0.25,6.0,942.3694437290665,1000.0
647,7.0,0.25,7.0,930.4702435300273,1000.0
648,7.0,0.25,8.0,935.4320480349545,1000.0
649,7.0,0.25,9.0,932.1146241265353,1000.0
650,7.0,0.31000000000000005,0.0,85.21188911194332,88.0
651,7.0,0.31000000000000005,1.0,34.28334587471763,36.0
652,7.0,0.31000000000000005,2.0,51.99542008394638,44.0
653,7.0,0.31000000000000005,3.0,897.7518513465666,1000.0
654,7.0,0.31000000000000005,4.0,31.824581088060224,36.0
655,7.0,0.31000000000000005,5.0,910.0729769708597,1000.0
656,7.0,0.31000000000000005,6.0,909.9122628101926,1000.0
657,7.0,0.31000000000000005,7.0,890.4924568760435,1000.0
658,7.0,0.31000000000000005,8.0,895.2958468891597,1000.0
659,7.0,0.31000000000000005,9.0,110.09712250416486,103.0
660,7.0,0.37000000000000005,0.0,88.64439116073478,90.0
661,7.0,0.37000000000000005,1.0,30.034261493859226,36.0
662,7.0,0.37000000000000005,2.0,873.1550748213378,1000.0
663,7.0,0.37000000000000005,3.0,96.70753843769639,94.0
664,7.0,0.37000000000000005,4.0,27.292183333789588,35.0
665,7.0,0.37000000000000005,5.0,870.0651308338657,1000.0
666,7.0,0.37000000000000005,6.0,129.7811797745875,118.0
667,7.0,0.37000000000000005,7.0,152.4527020474954,166.0
668,7.0,0.37000000000000005,8.0,858.4940434413483,1000.0
669,7.0,0.37000000000000005,9.0,124.98723483988135,128.0
670,7.0,0.43000000000000005,0.0,82.56381549524812,92.0
671,7.0,0.43000000000000005,1.0,28.52359050562227,32.0
672,7.0,0.43000000000000005,2.0,49.263372705563974,45.0
673,7.0,0.43000000000000005,3.0,98.94458555883756,111.0
674,7.0,0.43000000000000005,4.0,23.321676980040504,31.0
675,7.0,0.43000000000000005,5.0,15.52140291215328,16.0
676,7.0,0.43000000000000005,6.0,107.1042369003291,108.0
677,7.0,0.43000000000000005,7.0,94.00949860802649,107.0
678,7.0,0.43000000000000005,8.0,154.6875256879168,201.0
679,7.0,0.43000000000000005,9.0,101.51016269934044,104.0
680,7.0,0.49000000000000005,0.0,73.34687148028311,91.0
681,7.0,0.49000000000000005,1.0,34.354057247775195,39.0
682,7.0,0.49000000000000005,2.0,33.443634552542065,33.0
683,7.0,0.49000000000000005,3.0,105.87224677102353,130.0
684,7.0,0.49000000000000005,4.0,19.626390574076503,30.0
685,7.0,0.49000000000000005,5.0,354.49379812961143,426.0
686,7.0,0.49000000000000005,6.0,102.99229075605108,96.0
687,7.0,0.49000000000000005,7.0,95.52682681620793,112.0
688,7.0,0.49000000000000005,8.0,125.67277057230538,148.0
689,7.0,0.49000000000000005,9.0,87.07943550702473,87.0
690,7.0,0.55,0.0,72.27335720151022,91.0
691,7.0,0.55,1.0,30.68699106021814,38.0
692,7.0,0.55,2.0,31.75289119091903,32.0
693,7.0,0.55,3.0,54.886570796328314,79.0
694,7.0,0.55,4.0,19.7086177025878,30.0
695,7.0,0.55,5.0,14.972854893239855,15.0
696,7.0,0.55,6.0,119.55433688483605,142.0
697,7.0,0.55,7.0,70.41176328804431,93.0
698,7.0,0.55,8.0,142.41973649779683,183.0
699,7.0,0.55,9.0,88.01225551142123,89.0
700,8.0,0.01,0.0,1014.991530507834,1000.0
701,8.0,0.01,1.0,36.843798534868974,35.0
702,8.0,0.01,2.0,1021.9590258686615,1000.0
703,8.0,0.01,3.0,1010.2205388302672,1000.0
704,8.0,0.01,4.0,35.424516703587145,35.0
705,8.0,0.01,5.0,1011.2267983045132,1000.0
706,8.0,0.01,6.0,1017.9422378766388,1000.0
707,8.0,0.01,7.0,1000.6619421763723,1000.0
708,8.0,0.01,8.0,48.222648437180034,42.0
709,8.0,0.01,9.0,1003.7355767561844,1000.0
710,8.0,0.07,0.0,1006.7664665563244,1000.0
711,8.0,0.07,1.0,34.53627640509949,34.0
712,8.0,0.07,2.0,1014.6280834638754,1000.0
713,8.0,0.07,3.0,1004.2313377371967,1000.0
714,8.0,0.07,4.0,34.50845075055841,36.0
715,8.0,0.07,5.0,168.62596673662915,146.0
716,8.0,0.07,6.0,1012.3965863559204,1000.0
717,8.0,0.07,7.0,990.526786729718,1000.0
718,8.0,0.07,8.0,47.55198330594867,42.0
719,8.0,0.07,9.0,991.6535469809886,1000.0
720,8.0,0.13,0.0,992.0708685014478,1000.0
721,8.0,0.13,1.0,34.53975048794092,34.0
722,8.0,0.13,2.0,1002.5264286677534,1000.0
723,8.0,0.13,3.0,989.6204540037402,1000.0
724,8.0,0.13,4.0,34.07732860541727,36.0
725,8.0,0.13,5.0,979.1130184739391,1000.0
726,8.0,0.13,6.0,999.7063872756373,1000.0
727,8.0,0.13,7.0,979.7796607660157,1000.0
728,8.0,0.13,8.0,135.46513694945457,118.0
729,8.0,0.13,9.0,975.1748401381808,1000.0
730,8.0,0.19000000000000003,0.0,971.200146016682,1000.0
731,8.0,0.19000000000000003,1.0,34.68908772970171,35.0
732,8.0,0.19000000000000003,2.0,985.3904879315864,1000.0
733,8.0,0.19000000000000003,3.0,968.1660765673564,1000.0
734,8.0,0.19000000000000003,4.0,33.208970132072864,36.0
735,8.0,0.19000000000000003,5.0,974.3243920211985,1000.0
736,8.0,0.19000000000000003,6.0,979.5544802020346,1000.0
737,8.0,0.19000000000000003,7.0,957.6339828787744,1000.0
738,8.0,0.19000000000000003,8.0,964.1973080294136,1000.0
739,8.0,0.19000000000000003,9.0,951.5696894559997,1000.0
740,8.0,0.25,0.0,939.1077797744366,1000.0
741,8.0,0.25,1.0,33.91728674086626,35.0
742,8.0,0.25,2.0,52.433617623271125,44.0
743,8.0,0.25,3.0,936.4421167811493,1000.0
744,8.0,0.25,4.0,32.42142177530331,36.0
745,8.0,0.25,5.0,947.6797632800711,1000.0
746,8.0,0.25,6.0,942.3694437290665,1000.0
747,8.0,0.25,7.0,930.4702435300273,1000.0
748,8.0,0.25,8.0,935.4320480349545,1000.0
749,8.0,0.25,9.0,932.1146241265353,1000.0
750,8.0,0.31000000000000005,0.0,85.21188911194332,88.0
751,8.0,0.31000000000000005,1.0,34.28334587471763,36.0
752,8.0,0.31000000000000005,2.0,51.99542008394638,44.0
753,8.0,0.31000000000000005,3.0,897.7518513465666,1000.0
754,8.0,0.31000000000000005,4.0,31.824581088060224,36.0
755,8.0,0.31000000000000005,5.0,910.0729769708597,1000.0
756,8.0,0.31000000000000005,6.0,909.9122628101926,1000.0
757,8.0,0.31000000000000005,7.0,890.4924568760435,1000.0
758,8.0,0.31000000000000005,8.0,895.2958468891597,1000.0
759,8.0,0.31000000000000005,9.0,110.09712250416486,103.0
760,8.0,0.37000000000000005,0.0,88.64439116073478,90.0
761,8.0,0.37000000000000005,1.0,30.034261493859226,36.0
762,8.0,0.37000000000000005,2.0,873.1550748213378,1000.0
763,8.0,0.37000000000000005,3.0,96.70753843769639,94.0
764,8.0,0.37000000000000005,4.0,27.292183333789588,35.0
765,8.0,0.37000000000000005,5.0,870.0651308338657,1000.0
766,8.0,0.37000000000000005,6.0,129.7811797745875,118.0
767,8.0,0.37000000000000005,7.0,152.4527020474954,166.0
768,8.0,0.37000000000000005,8.0,858.4940434413483,1000.0
769,8.0,0.37000000000000005,9.0,124.98723483988135,128.0
770,8.0,0.43000000000000005,0.0,82.56381549524812,92.0
771,8.0,0.43000000000000005,1.0,28.52359050562227,32.0
772,8.0,0.43000000000000005,2.0,49.263372705563974,45.0
773,8.0,0.43000000000000005,3.0,98.94458555883756,111.0
774,8.0,0.43000000000000005,4.0,23.321676980040504,31.0
775,8.0,0.43000000000000005,5.0,15.52140291215328,16.0
776,8.0,0.43000000000000005,6.0,107.1042369003291,108.0
777,8.0,0.43000000000000005,7.0,94.00949860802649,107.0
778,8.0,0.43000000000000005,8.0,154.6875256879168,201.0
779,8.0,0.43000000000000005,9.0,101.51016269934044,104.0
780,8.0,0.49000000000000005,0.0,73.34687148028311,91.0
781,8.0,0.49000000000000005,1.0,34.354057247775195,39.0
782,8.0,0.49000000000000005,2.0,33.443634552542065,33.0
783,8.0,0.49000000000000005,3.0,105.87224677102353,130.0
784,8.0,0.49000000000000005,4.0,19.626390574076503,30.0
785,8.0,0.49000000000000005,5.0,354.49379812961143,426.0
786,8.0,0.49000000000000005,6.0,102.99229075605108,96.0
787,8.0,0.49000000000000005,7.0,95.52682681620793,112.0
788,8.0,0.49000000000000005,8.0,125.67277057230538,148.0
789,8.0,0.49000000000000005,9.0,87.07943550702473,87.0
790,8.0,0.55,0.0,72.27335720151022,91.0
791,8.0,0.55,1.0,30.68699106021814,38.0
792,8.0,0.55,2.0,31.75289119091903,32.0
793,8.0,0.55,3.0,54.886570796328314,79.0
794,8.0,0.55,4.0,19.7086177025878,30.0
795,8.0,0.55,5.0,14.972854893239855,15.0
796,8.0,0.55,6.0,119.55433688483605,142.0
797,8.0,0.55,7.0,70.41176328804431,93.0
798,8.0,0.55,8.0,142.41973649779683,183.0
799,8.0,0.55,9.0,88.01225551142123,89.0
800,9.0,0.01,0.0,1014.991530507834,1000.0
801,9.0,0.01,1.0,36.843798534868974,35.0
802,9.0,0.01,2.0,1021.9590258686615,1000.0
803,9.0,0.01,3.0,1010.2205388302672,1000.0
804,9.0,0.01,4.0,35.424516703587145,35.0
805,9.0,0.01,5.0,1011.2267983045132,1000.0
806,9.0,0.01,6.0,1017.9422378766388,1000.0
807,9.0,0.01,7.0,1000.6619421763723,1000.0
808,9.0,0.01,8.0,48.222648437180034,42.0
809,9.0,0.01,9.0,1003.7355767561844,1000.0
810,9.0,0.07,0.0,1006.7664665563244,1000.0
811,9.0,0.07,1.0,34.53627640509949,34.0
812,9.0,0.07,2.0,1014.6280834638754,1000.0
813,9.0,0.07,3.0,1004.2313377371967,1000.0
814,9.0,0.07,4.0,34.50845075055841,36.0
815,9.0,0.07,5.0,168.62596673662915,146.0
816,9.0,0.07,6.0,1012.3965863559204,1000.0
817,9.0,0.07,7.0,990.526786729718,1000.0
818,9.0,0.07,8.0,47.55198330594867,42.0
819,9.0,0.07,9.0,991.6535469809886,1000.0
820,9.0,0.13,0.0,992.0708685014478,1000.0
821,9.0,0.13,1.0,34.53975048794092,34.0
822,9.0,0.13,2.0,1002.5264286677534,1000.0
823,9.0,0.13,3.0,989.6204540037402,1000.0
824,9.0,0.13,4.0,34.07732860541727,36.0
825,9.0,0.13,5.0,979.1130184739391,1000.0
826,9.0,0.13,6.0,999.7063872756373,1000.0
827,9.0,0.13,7.0,979.7796607660157,1000.0
828,9.0,0.13,8.0,135.46513694945457,118.0
829,9.0,0.13,9.0,975.1748401381808,1000.0
830,9.0,0.19000000000000003,0.0,971.200146016682,1000.0
831,9.0,0.19000000000000003,1.0,34.68908772970171,35.0
832,9.0,0.19000000000000003,2.0,985.3904879315864,1000.0
833,9.0,0.19000000000000003,3.0,968.1660765673564,1000.0
834,9.0,0.19000000000000003,4.0,33.208970132072864,36.0
835,9.0,0.19000000000000003,5.0,974.3243920211985,1000.0
836,9.0,0.19000000000000003,6.0,979.5544802020346,1000.0
837,9.0,0.19000000000000003,7.0,957.6339828787744,1000.0
838,9.0,0.19000000000000003,8.0,964.1973080294136,1000.0
839,9.0,0.19000000000000003,9.0,951.5696894559997,1000.0
840,9.0,0.25,0.0,939.1077797744366,1000.0
841,9.0,0.25,1.0,33.91728674086626,35.0
842,9.0,0.25,2.0,52.433617623271125,44.0
843,9.0,0.25,3.0,936.4421167811493,1000.0
844,9.0,0.25,4.0,32.42142177530331,36.0
845,9.0,0.25,5.0,947.6797632800711,1000.0
846,9.0,0.25,6.0,942.3694437290665,1000.0
847,9.0,0.25,7.0,930.4702435300273,1000.0
848,9.0,0.25,8.0,935.4320480349545,1000.0
849,9.0,0.25,9.0,932.1146241265353,1000.0
850,9.0,0.31000000000000005,0.0,85.21188911194332,88.0
851,9.0,0.31000000000000005,1.0,34.28334587471763,36.0
852,9.0,0.31000000000000005,2.0,51.99542008394638,44.0
853,9.0,0.31000000000000005,3.0,897.7518513465666,1000.0
854,9.0,0.31000000000000005,4.0,31.824581088060224,36.0
855,9.0,0.31000000000000005,5.0,910.0729769708597,1000.0
856,9.0,0.31000000000000005,6.0,909.9122628101926,1000.0
857,9.0,0.31000000000000005,7.0,890.4924568760435,1000.0
858,9.0,0.31000000000000005,8.0,895.2958468891597,1000.0
859,9.0,0.31000000000000005,9.0,110.09712250416486,103.0
860,9.0,0.37000000000000005,0.0,88.64439116073478,90.0
861,9.0,0.37000000000000005,1.0,30.034261493859226,36.0
862,9.0,0.37000000000000005,2.0,873.1550748213378,1000.0
863,9.0,0.37000000000000005,3.0,96.70753843769639,94.0
864,9.0,0.37000000000000005,4.0,27.292183333789588,35.0
865,9.0,0.37000000000000005,5.0,870.0651308338657,1000.0
866,9.0,0.37000000000000005,6.0,129.7811797745875,118.0
867,9.0,0.37000000000000005,7.0,152.4527020474954,166.0
868,9.0,0.37000000000000005,8.0,858.4940434413483,1000.0
869,9.0,0.37000000000000005,9.0,124.98723483988135,128.0
870,9.0,0.43000000000000005,0.0,82.56381549524812,92.0
871,9.0,0.43000000000000005,1.0,28.52359050562227,32.0
872,9.0,0.43000000000000005,2.0,49.263372705563974,45.0
873,9.0,0.43000000000000005,3.0,98.94458555883756,111.0
874,9.0,0.43000000000000005,4.0,23.321676980040504,31.0
875,9.0,0.43000000000000005,5.0,15.52140291215328,16.0
876,9.0,0.43000000000000005,6.0,107.1042369003291,108.0
877,9.0,0.43000000000000005,7.0,94.00949860802649,107.0
878,9.0,0.43000000000000005,8.0,154.6875256879168,201.0
879,9.0,0.43000000000000005,9.0,101.51016269934044,104.0
880,9.0,0.49000000000000005,0.0,73.34687148028311,91.0
881,9.0,0.49000000000000005,1.0,34.354057247775195,39.0
882,9.0,0.49000000000000005,2.0,33.443634552542065,33.0
883,9.0,0.49000000000000005,3.0,105.87224677102353,130.0
884,9.0,0.49000000000000005,4.0,19.626390574076503,30.0
885,9.0,0.49000000000000005,5.0,354.49379812961143,426.0
886,9.0,0.49000000000000005,6.0,102.99229075605108,96.0
887,9.0,0.49000000000000005,7.0,95.52682681620793,112.0
888,9.0,0.49000000000000005,8.0,125.67277057230538,148.0
889,9.0,0.49000000000000005,9.0,87.07943550702473,87.0
890,9.0,0.55,0.0,72.27335720151022,91.0
891,9.0,0.55,1.0,30.68699106021814,38.0
892,9.0,0.55,2.0,31.75289119091903,32.0
893,9.0,0.55,3.0,54.886570796328314,79.0
894,9.0,0.55,4.0,19.7086177025878,30.0
895,9.0,0.55,5.0,14.972854893239855,15.0
896,9.0,0.55,6.0,119.55433688483605,142.0
897,9.0,0.55,7.0,70.41176328804431,93.0
898,9.0,0.55,8.0,142.41973649779683,183.0
899,9.0,0.55,9.0,88.01225551142123,89.0
900,10.0,0.01,0.0,1014.991530507834,1000.0
901,10.0,0.01,1.0,36.843798534868974,35.0
902,10.0,0.01,2.0,1021.9590258686615,1000.0
903,10.0,0.01,3.0,1010.2205388302672,1000.0
904,10.0,0.01,4.0,35.424516703587145,35.0
905,10.0,0.01,5.0,1011.2267983045132,1000.0
906,10.0,0.01,6.0,1017.9422378766388,1000.0
907,10.0,0.01,7.0,1000.6619421763723,1000.0
908,10.0,0.01,8.0,48.222648437180034,42.0
909,10.0,0.01,9.0,1003.7355767561844,1000.0
910,10.0,0.07,0.0,1006.7664665563244,1000.0
911,10.0,0.07,1.0,34.53627640509949,34.0
912,10.0,0.07,2.0,1014.6280834638754,1000.0
913,10.0,0.07,3.0,1004.2313377371967,1000.0
914,10.0,0.07,4.0,34.50845075055841,36.0
915,10.0,0.07,5.0,168.62596673662915,146.0
916,10.0,0.07,6.0,1012.3965863559204,1000.0
917,10.0,0.07,7.0,990.526786729718,1000.0
918,10.0,0.07,8.0,47.55198330594867,42.0
919,10.0,0.07,9.0,991.6535469809886,1000.0
920,10.0,0.13,0.0,992.0708685014478,1000.0
921,10.0,0.13,1.0,34.53975048794092,34.0
922,10.0,0.13,2.0,1002.5264286677534,1000.0
923,10.0,0.13,3.0,989.6204540037402,1000.0
924,10.0,0.13,4.0,34.07732860541727,36.0
925,10.0,0.13,5.0,979.1130184739391,1000.0
926,10.0,0.13,6.0,999.7063872756373,1000.0
927,10.0,0.13,7.0,979.7796607660157,1000.0
928,10.0,0.13,8.0,135.46513694945457,118.0
929,10.0,0.13,9.0,975.1748401381808,1000.0
930,10.0,0.19000000000000003,0.0,971.200146016682,1000.0
931,10.0,0.19000000000000003,1.0,34.68908772970171,35.0
932,10.0,0.19000000000000003,2.0,985.3904879315864,1000.0
933,10.0,0.19000000000000003,3.0,968.1660765673564,1000.0
934,10.0,0.19000000000000003,4.0,33.208970132072864,36.0
935,10.0,0.19000000000000003,5.0,974.3243920211985,1000.0
936,10.0,0.19000000000000003,6.0,979.5544802020346,1000.0
937,10.0,0.19000000000000003,7.0,957.6339828787744,1000.0
938,10.0,0.19000000000000003,8.0,964.1973080294136,1000.0
939,10.0,0.19000000000000003,9.0,951.5696894559997,1000.0
940,10.0,0.25,0.0,939.1077797744366,1000.0
941,10.0,0.25,1.0,33.91728674086626,35.0
942,10.0,0.25,2.0,52.433617623271125,44.0
943,10.0,0.25,3.0,936.4421167811493,1000.0
944,10.0,0.25,4.0,32.42142177530331,36.0
945,10.0,0.25,5.0,947.6797632800711,1000.0
946,10.0,0.25,6.0,942.3694437290665,1000.0
947,10.0,0.25,7.0,930.4702435300273,1000.0
948,10.0,0.25,8.0,935.4320480349545,1000.0
949,10.0,0.25,9.0,932.1146241265353,1000.0
950,10.0,0.31000000000000005,0.0,85.21188911194332,88.0
951,10.0,0.31000000000000005,1.0,34.28334587471763,36.0
952,10.0,0.31000000000000005,2.0,51.99542008394638,44.0
953,10.0,0.31000000000000005,3.0,897.7518513465666,1000.0
954,10.0,0.31000000000000005,4.0,31.824581088060224,36.0
955,10.0,0.31000000000000005,5.0,910.0729769708597,1000.0
956,10.0,0.31000000000000005,6.0,909.9122628101926,1000.0
957,10.0,0.31000000000000005,7.0,890.4924568760435,1000.0
958,10.0,0.31000000000000005,8.0,895.2958468891597,1000.0
959,10.0,0.31000000000000005,9.0,110.09712250416486,103.0
960,10.0,0.37000000000000005,0.0,88.64439116073478,90.0
961,10.0,0.37000000000000005,1.0,30.034261493859226,36.0
962,10.0,0.37000000000000005,2.0,873.1550748213378,1000.0
963,10.0,0.37000000000000005,3.0,96.70753843769639,94.0
964,10.0,0.37000000000000005,4.0,27.292183333789588,35.0
965,10.0,0.37000000000000005,5.0,870.0651308338657,1000.0
966,10.0,0.37000000000000005,6.0,129.7811797745875,118.0
967,10.0,0.37000000000000005,7.0,152.4527020474954,166.0
968,10.0,0.37000000000000005,8.0,858.4940434413483,1000.0
969,10.0,0.37000000000000005,9.0,124.98723483988135,128.0
970,10.0,0.43000000000000005,0.0,82.56381549524812,92.0
971,10.0,0.43000000000000005,1.0,28.52359050562227,32.0
972,10.0,0.43000000000000005,2.0,49.263372705563974,45.0
973,10.0,0.43000000000000005,3.0,98.94458555883756,111.0
974,10.0,0.43000000000000005,4.0,23.321676980040504,31.0
975,10.0,0.43000000000000005,5.0,15.52140291215328,16.0
976,10.0,0.43000000000000005,6.0,107.1042369003291,108.0
977,10.0,0.43000000000000005,7.0,94.00949860802649,107.0
978,10.0,0.43000000000000005,8.0,154.6875256879168,201.0
979,10.0,0.43000000000000005,9.0,101.51016269934044,104.0
980,10.0,0.49000000000000005,0.0,73.34687148028311,91.0
981,10.0,0.49000000000000005,1.0,34.354057247775195,39.0
982,10.0,0.49000000000000005,2.0,33.443634552542065,33.0
983,10.0,0.49000000000000005,3.0,105.87224677102353,130.0
984,10.0,0.49000000000000005,4.0,19.626390574076503,30.0
985,10.0,0.49000000000000005,5.0,354.49379812961143,426.0
986,10.0,0.49000000000000005,6.0,102.99229075605108,96.0
987,10.0,0.49000000000000005,7.0,95.52682681620793,112.0
988,10.0,0.49000000000000005,8.0,125.67277057230538,148.0
989,10.0,0.49000000000000005,9.0,87.07943550702473,87.0
990,10.0,0.55,0.0,72.27335720151022,91.0
991,10.0,0.55,1.0,30.68699106021814,38.0
992,10.0,0.55,2.0,31.75289119091903,32.0
993,10.0,0.55,3.0,54.886570796328314,79.0
994,10.0,0.55,4.0,19.7086177025878,30.0
995,10.0,0.55,5.0,14.972854893239855,15.0
996,10.0,0.55,6.0,119.55433688483605,142.0
997,10.0,0.55,7.0,70.41176328804431,93.0
998,10.0,0.55,8.0,142.41973649779683,183.0
999,10.0,0.55,9.0,88.01225551142123,89.0
